-644,-29,fdM6H6WLYULaKZr4jJ1OTkL4TfY=,B63WdbC8+KwnWYOUCfR//pw3FpY=
-653,-32,fdM6H6WLYULaKZr4jJ1OTkL4TfY=,B63WdbC8+KwnWYOUCfR//pw3FpY=
-641,-17,fdM6H6WLYULaKZr4jJ1OTkL4TfY=,B63WdbC8+KwnWYOUCfR//pw3FpY=
-641,-31,fdM6H6WLYULaKZr4jJ1OTkL4TfY=,B63WdbC8+KwnWYOUCfR//pw3FpY=
-643,-30,fdM6H6WLYULaKZr4jJ1OTkL4TfY=,B63WdbC8+KwnWYOUCfR//pw3FpY=
-644,-30,fdM6H6WLYULaKZr4jJ1OTkL4TfY=,B63WdbC8+KwnWYOUCfR//pw3FpY=
-645,-30,fdM6H6WLYULaKZr4jJ1OTkL4TfY=,B63WdbC8+KwnWYOUCfR//pw3FpY=
-646,-30,fdM6H6WLYULaKZr4jJ1OTkL4TfY=,B63WdbC8+KwnWYOUCfR//pw3FpY=
-647,-30,fdM6H6WLYULaKZr4jJ1OTkL4TfY=,B63WdbC8+KwnWYOUCfR//pw3FpY=
-648,-30,fdM6H6WLYULaKZr4jJ1OTkL4TfY=,B63WdbC8+KwnWYOUCfR//pw3FpY=
-649,-30,fdM6H6WLYULaKZr4jJ1OTkL4TfY=,B63WdbC8+KwnWYOUCfR//pw3FpY=
-650,-30,fdM6H6WLYULaKZr4jJ1OTkL4TfY=,B63WdbC8+KwnWYOUCfR//pw3FpY=
-651,-30,fdM6H6WLYULaKZr4jJ1OTkL4TfY=,B63WdbC8+KwnWYOUCfR//pw3FpY=
-652,-30,fdM6H6WLYULaKZr4jJ1OTkL4TfY=,B63WdbC8+KwnWYOUCfR//pw3FpY=
-653,-30,fdM6H6WLYULaKZr4jJ1OTkL4TfY=,B63WdbC8+KwnWYOUCfR//pw3FpY=
-655,-30,fdM6H6WLYULaKZr4jJ1OTkL4TfY=,B63WdbC8+KwnWYOUCfR//pw3FpY=
-656,-30,fdM6H6WLYULaKZr4jJ1OTkL4TfY=,B63WdbC8+KwnWYOUCfR//pw3FpY=
-642,-17,fdM6H6WLYULaKZr4jJ1OTkL4TfY=,B63WdbC8+KwnWYOUCfR//pw3FpY=
-645,-29,fdM6H6WLYULaKZr4jJ1OTkL4TfY=,B63WdbC8+KwnWYOUCfR//pw3FpY=
-643,-17,fdM6H6WLYULaKZr4jJ1OTkL4TfY=,B63WdbC8+KwnWYOUCfR//pw3FpY=
-644,-17,fdM6H6WLYULaKZr4jJ1OTkL4TfY=,B63WdbC8+KwnWYOUCfR//pw3FpY=
-645,-17,fdM6H6WLYULaKZr4jJ1OTkL4TfY=,B63WdbC8+KwnWYOUCfR//pw3FpY=
-646,-17,fdM6H6WLYULaKZr4jJ1OTkL4TfY=,B63WdbC8+KwnWYOUCfR//pw3FpY=
-647,-17,fdM6H6WLYULaKZr4jJ1OTkL4TfY=,B63WdbC8+KwnWYOUCfR//pw3FpY=
-648,-17,fdM6H6WLYULaKZr4jJ1OTkL4TfY=,B63WdbC8+KwnWYOUCfR//pw3FpY=
-649,-17,fdM6H6WLYULaKZr4jJ1OTkL4TfY=,B63WdbC8+KwnWYOUCfR//pw3FpY=
-650,-17,fdM6H6WLYULaKZr4jJ1OTkL4TfY=,B63WdbC8+KwnWYOUCfR//pw3FpY=
-651,-17,fdM6H6WLYULaKZr4jJ1OTkL4TfY=,B63WdbC8+KwnWYOUCfR//pw3FpY=
-652,-17,fdM6H6WLYULaKZr4jJ1OTkL4TfY=,B63WdbC8+KwnWYOUCfR//pw3FpY=
-653,-17,fdM6H6WLYULaKZr4jJ1OTkL4TfY=,B63WdbC8+KwnWYOUCfR//pw3FpY=
-654,-32,fdM6H6WLYULaKZr4jJ1OTkL4TfY=,B63WdbC8+KwnWYOUCfR//pw3FpY=
-654,-17,fdM6H6WLYULaKZr4jJ1OTkL4TfY=,B63WdbC8+KwnWYOUCfR//pw3FpY=
-655,-17,fdM6H6WLYULaKZr4jJ1OTkL4TfY=,B63WdbC8+KwnWYOUCfR//pw3FpY=
-646,-29,fdM6H6WLYULaKZr4jJ1OTkL4TfY=,B63WdbC8+KwnWYOUCfR//pw3FpY=
-656,-17,fdM6H6WLYULaKZr4jJ1OTkL4TfY=,B63WdbC8+KwnWYOUCfR//pw3FpY=
-642,-31,fdM6H6WLYULaKZr4jJ1OTkL4TfY=,B63WdbC8+KwnWYOUCfR//pw3FpY=
-641,-18,fdM6H6WLYULaKZr4jJ1OTkL4TfY=,B63WdbC8+KwnWYOUCfR//pw3FpY=
-642,-18,fdM6H6WLYULaKZr4jJ1OTkL4TfY=,B63WdbC8+KwnWYOUCfR//pw3FpY=
-643,-18,fdM6H6WLYULaKZr4jJ1OTkL4TfY=,B63WdbC8+KwnWYOUCfR//pw3FpY=
-644,-18,fdM6H6WLYULaKZr4jJ1OTkL4TfY=,B63WdbC8+KwnWYOUCfR//pw3FpY=
-645,-18,fdM6H6WLYULaKZr4jJ1OTkL4TfY=,B63WdbC8+KwnWYOUCfR//pw3FpY=
-646,-18,fdM6H6WLYULaKZr4jJ1OTkL4TfY=,B63WdbC8+KwnWYOUCfR//pw3FpY=
-647,-18,fdM6H6WLYULaKZr4jJ1OTkL4TfY=,B63WdbC8+KwnWYOUCfR//pw3FpY=
-648,-18,fdM6H6WLYULaKZr4jJ1OTkL4TfY=,B63WdbC8+KwnWYOUCfR//pw3FpY=
-649,-18,fdM6H6WLYULaKZr4jJ1OTkL4TfY=,B63WdbC8+KwnWYOUCfR//pw3FpY=
-650,-18,fdM6H6WLYULaKZr4jJ1OTkL4TfY=,B63WdbC8+KwnWYOUCfR//pw3FpY=
-652,-18,fdM6H6WLYULaKZr4jJ1OTkL4TfY=,B63WdbC8+KwnWYOUCfR//pw3FpY=
-653,-18,fdM6H6WLYULaKZr4jJ1OTkL4TfY=,B63WdbC8+KwnWYOUCfR//pw3FpY=
-654,-18,fdM6H6WLYULaKZr4jJ1OTkL4TfY=,B63WdbC8+KwnWYOUCfR//pw3FpY=
-651,-18,fdM6H6WLYULaKZr4jJ1OTkL4TfY=,B63WdbC8+KwnWYOUCfR//pw3FpY=
-655,-31,fdM6H6WLYULaKZr4jJ1OTkL4TfY=,B63WdbC8+KwnWYOUCfR//pw3FpY=
-647,-29,fdM6H6WLYULaKZr4jJ1OTkL4TfY=,B63WdbC8+KwnWYOUCfR//pw3FpY=
-655,-18,fdM6H6WLYULaKZr4jJ1OTkL4TfY=,B63WdbC8+KwnWYOUCfR//pw3FpY=
-656,-31,fdM6H6WLYULaKZr4jJ1OTkL4TfY=,B63WdbC8+KwnWYOUCfR//pw3FpY=
-656,-18,fdM6H6WLYULaKZr4jJ1OTkL4TfY=,B63WdbC8+KwnWYOUCfR//pw3FpY=
-655,-32,fdM6H6WLYULaKZr4jJ1OTkL4TfY=,B63WdbC8+KwnWYOUCfR//pw3FpY=
-641,-19,fdM6H6WLYULaKZr4jJ1OTkL4TfY=,B63WdbC8+KwnWYOUCfR//pw3FpY=
-642,-19,fdM6H6WLYULaKZr4jJ1OTkL4TfY=,B63WdbC8+KwnWYOUCfR//pw3FpY=
-643,-19,fdM6H6WLYULaKZr4jJ1OTkL4TfY=,B63WdbC8+KwnWYOUCfR//pw3FpY=
-644,-19,fdM6H6WLYULaKZr4jJ1OTkL4TfY=,B63WdbC8+KwnWYOUCfR//pw3FpY=
-645,-19,fdM6H6WLYULaKZr4jJ1OTkL4TfY=,B63WdbC8+KwnWYOUCfR//pw3FpY=
-646,-19,fdM6H6WLYULaKZr4jJ1OTkL4TfY=,B63WdbC8+KwnWYOUCfR//pw3FpY=
-647,-19,fdM6H6WLYULaKZr4jJ1OTkL4TfY=,B63WdbC8+KwnWYOUCfR//pw3FpY=
-648,-19,fdM6H6WLYULaKZr4jJ1OTkL4TfY=,B63WdbC8+KwnWYOUCfR//pw3FpY=
-649,-19,fdM6H6WLYULaKZr4jJ1OTkL4TfY=,B63WdbC8+KwnWYOUCfR//pw3FpY=
-650,-19,fdM6H6WLYULaKZr4jJ1OTkL4TfY=,B63WdbC8+KwnWYOUCfR//pw3FpY=
-651,-19,fdM6H6WLYULaKZr4jJ1OTkL4TfY=,B63WdbC8+KwnWYOUCfR//pw3FpY=
-652,-19,fdM6H6WLYULaKZr4jJ1OTkL4TfY=,B63WdbC8+KwnWYOUCfR//pw3FpY=
-653,-19,fdM6H6WLYULaKZr4jJ1OTkL4TfY=,B63WdbC8+KwnWYOUCfR//pw3FpY=
-643,-31,fdM6H6WLYULaKZr4jJ1OTkL4TfY=,B63WdbC8+KwnWYOUCfR//pw3FpY=
-648,-29,fdM6H6WLYULaKZr4jJ1OTkL4TfY=,B63WdbC8+KwnWYOUCfR//pw3FpY=
-654,-19,fdM6H6WLYULaKZr4jJ1OTkL4TfY=,B63WdbC8+KwnWYOUCfR//pw3FpY=
-655,-19,fdM6H6WLYULaKZr4jJ1OTkL4TfY=,B63WdbC8+KwnWYOUCfR//pw3FpY=
-644,-31,fdM6H6WLYULaKZr4jJ1OTkL4TfY=,B63WdbC8+KwnWYOUCfR//pw3FpY=
-656,-19,fdM6H6WLYULaKZr4jJ1OTkL4TfY=,B63WdbC8+KwnWYOUCfR//pw3FpY=
-641,-20,fdM6H6WLYULaKZr4jJ1OTkL4TfY=,B63WdbC8+KwnWYOUCfR//pw3FpY=
-642,-20,fdM6H6WLYULaKZr4jJ1OTkL4TfY=,B63WdbC8+KwnWYOUCfR//pw3FpY=
-643,-20,fdM6H6WLYULaKZr4jJ1OTkL4TfY=,B63WdbC8+KwnWYOUCfR//pw3FpY=
-644,-20,fdM6H6WLYULaKZr4jJ1OTkL4TfY=,B63WdbC8+KwnWYOUCfR//pw3FpY=
-645,-20,fdM6H6WLYULaKZr4jJ1OTkL4TfY=,B63WdbC8+KwnWYOUCfR//pw3FpY=
-646,-20,fdM6H6WLYULaKZr4jJ1OTkL4TfY=,B63WdbC8+KwnWYOUCfR//pw3FpY=
-647,-20,fdM6H6WLYULaKZr4jJ1OTkL4TfY=,B63WdbC8+KwnWYOUCfR//pw3FpY=
-648,-20,fdM6H6WLYULaKZr4jJ1OTkL4TfY=,B63WdbC8+KwnWYOUCfR//pw3FpY=
-649,-20,fdM6H6WLYULaKZr4jJ1OTkL4TfY=,B63WdbC8+KwnWYOUCfR//pw3FpY=
-650,-20,fdM6H6WLYULaKZr4jJ1OTkL4TfY=,B63WdbC8+KwnWYOUCfR//pw3FpY=
-651,-20,fdM6H6WLYULaKZr4jJ1OTkL4TfY=,B63WdbC8+KwnWYOUCfR//pw3FpY=
-652,-20,fdM6H6WLYULaKZr4jJ1OTkL4TfY=,B63WdbC8+KwnWYOUCfR//pw3FpY=
-642,-32,fdM6H6WLYULaKZr4jJ1OTkL4TfY=,B63WdbC8+KwnWYOUCfR//pw3FpY=
-649,-29,fdM6H6WLYULaKZr4jJ1OTkL4TfY=,B63WdbC8+KwnWYOUCfR//pw3FpY=
-653,-20,fdM6H6WLYULaKZr4jJ1OTkL4TfY=,B63WdbC8+KwnWYOUCfR//pw3FpY=
-654,-20,fdM6H6WLYULaKZr4jJ1OTkL4TfY=,B63WdbC8+KwnWYOUCfR//pw3FpY=
-655,-20,fdM6H6WLYULaKZr4jJ1OTkL4TfY=,B63WdbC8+KwnWYOUCfR//pw3FpY=
-645,-31,fdM6H6WLYULaKZr4jJ1OTkL4TfY=,B63WdbC8+KwnWYOUCfR//pw3FpY=
-656,-20,fdM6H6WLYULaKZr4jJ1OTkL4TfY=,B63WdbC8+KwnWYOUCfR//pw3FpY=
-641,-21,fdM6H6WLYULaKZr4jJ1OTkL4TfY=,B63WdbC8+KwnWYOUCfR//pw3FpY=
-642,-21,fdM6H6WLYULaKZr4jJ1OTkL4TfY=,B63WdbC8+KwnWYOUCfR//pw3FpY=
-643,-21,fdM6H6WLYULaKZr4jJ1OTkL4TfY=,B63WdbC8+KwnWYOUCfR//pw3FpY=
-644,-21,fdM6H6WLYULaKZr4jJ1OTkL4TfY=,B63WdbC8+KwnWYOUCfR//pw3FpY=
-645,-21,fdM6H6WLYULaKZr4jJ1OTkL4TfY=,B63WdbC8+KwnWYOUCfR//pw3FpY=
-646,-21,fdM6H6WLYULaKZr4jJ1OTkL4TfY=,B63WdbC8+KwnWYOUCfR//pw3FpY=
-647,-21,fdM6H6WLYULaKZr4jJ1OTkL4TfY=,B63WdbC8+KwnWYOUCfR//pw3FpY=
-648,-21,fdM6H6WLYULaKZr4jJ1OTkL4TfY=,B63WdbC8+KwnWYOUCfR//pw3FpY=
-649,-21,fdM6H6WLYULaKZr4jJ1OTkL4TfY=,B63WdbC8+KwnWYOUCfR//pw3FpY=
-650,-21,fdM6H6WLYULaKZr4jJ1OTkL4TfY=,B63WdbC8+KwnWYOUCfR//pw3FpY=
-651,-21,fdM6H6WLYULaKZr4jJ1OTkL4TfY=,B63WdbC8+KwnWYOUCfR//pw3FpY=
-643,-32,fdM6H6WLYULaKZr4jJ1OTkL4TfY=,B63WdbC8+KwnWYOUCfR//pw3FpY=
-650,-29,fdM6H6WLYULaKZr4jJ1OTkL4TfY=,B63WdbC8+KwnWYOUCfR//pw3FpY=
-652,-21,fdM6H6WLYULaKZr4jJ1OTkL4TfY=,B63WdbC8+KwnWYOUCfR//pw3FpY=
-653,-21,fdM6H6WLYULaKZr4jJ1OTkL4TfY=,B63WdbC8+KwnWYOUCfR//pw3FpY=
-654,-21,fdM6H6WLYULaKZr4jJ1OTkL4TfY=,B63WdbC8+KwnWYOUCfR//pw3FpY=
-655,-21,fdM6H6WLYULaKZr4jJ1OTkL4TfY=,B63WdbC8+KwnWYOUCfR//pw3FpY=
-646,-31,fdM6H6WLYULaKZr4jJ1OTkL4TfY=,B63WdbC8+KwnWYOUCfR//pw3FpY=
-656,-21,fdM6H6WLYULaKZr4jJ1OTkL4TfY=,B63WdbC8+KwnWYOUCfR//pw3FpY=
-641,-22,fdM6H6WLYULaKZr4jJ1OTkL4TfY=,B63WdbC8+KwnWYOUCfR//pw3FpY=
-642,-22,fdM6H6WLYULaKZr4jJ1OTkL4TfY=,B63WdbC8+KwnWYOUCfR//pw3FpY=
-643,-22,fdM6H6WLYULaKZr4jJ1OTkL4TfY=,B63WdbC8+KwnWYOUCfR//pw3FpY=
-644,-22,fdM6H6WLYULaKZr4jJ1OTkL4TfY=,B63WdbC8+KwnWYOUCfR//pw3FpY=
-645,-22,fdM6H6WLYULaKZr4jJ1OTkL4TfY=,B63WdbC8+KwnWYOUCfR//pw3FpY=
-646,-22,fdM6H6WLYULaKZr4jJ1OTkL4TfY=,B63WdbC8+KwnWYOUCfR//pw3FpY=
-647,-22,fdM6H6WLYULaKZr4jJ1OTkL4TfY=,B63WdbC8+KwnWYOUCfR//pw3FpY=
-648,-22,fdM6H6WLYULaKZr4jJ1OTkL4TfY=,B63WdbC8+KwnWYOUCfR//pw3FpY=
-649,-22,fdM6H6WLYULaKZr4jJ1OTkL4TfY=,B63WdbC8+KwnWYOUCfR//pw3FpY=
-650,-22,fdM6H6WLYULaKZr4jJ1OTkL4TfY=,B63WdbC8+KwnWYOUCfR//pw3FpY=
-644,-32,fdM6H6WLYULaKZr4jJ1OTkL4TfY=,B63WdbC8+KwnWYOUCfR//pw3FpY=
-651,-29,fdM6H6WLYULaKZr4jJ1OTkL4TfY=,B63WdbC8+KwnWYOUCfR//pw3FpY=
-651,-22,fdM6H6WLYULaKZr4jJ1OTkL4TfY=,B63WdbC8+KwnWYOUCfR//pw3FpY=
-652,-22,fdM6H6WLYULaKZr4jJ1OTkL4TfY=,B63WdbC8+KwnWYOUCfR//pw3FpY=
-653,-22,fdM6H6WLYULaKZr4jJ1OTkL4TfY=,B63WdbC8+KwnWYOUCfR//pw3FpY=
-654,-22,fdM6H6WLYULaKZr4jJ1OTkL4TfY=,B63WdbC8+KwnWYOUCfR//pw3FpY=
-655,-22,fdM6H6WLYULaKZr4jJ1OTkL4TfY=,B63WdbC8+KwnWYOUCfR//pw3FpY=
-656,-22,fdM6H6WLYULaKZr4jJ1OTkL4TfY=,B63WdbC8+KwnWYOUCfR//pw3FpY=
-647,-31,fdM6H6WLYULaKZr4jJ1OTkL4TfY=,B63WdbC8+KwnWYOUCfR//pw3FpY=
-641,-23,fdM6H6WLYULaKZr4jJ1OTkL4TfY=,B63WdbC8+KwnWYOUCfR//pw3FpY=
-642,-23,fdM6H6WLYULaKZr4jJ1OTkL4TfY=,B63WdbC8+KwnWYOUCfR//pw3FpY=
-643,-23,fdM6H6WLYULaKZr4jJ1OTkL4TfY=,B63WdbC8+KwnWYOUCfR//pw3FpY=
-644,-23,fdM6H6WLYULaKZr4jJ1OTkL4TfY=,B63WdbC8+KwnWYOUCfR//pw3FpY=
-645,-23,fdM6H6WLYULaKZr4jJ1OTkL4TfY=,B63WdbC8+KwnWYOUCfR//pw3FpY=
-646,-23,fdM6H6WLYULaKZr4jJ1OTkL4TfY=,B63WdbC8+KwnWYOUCfR//pw3FpY=
-647,-23,fdM6H6WLYULaKZr4jJ1OTkL4TfY=,B63WdbC8+KwnWYOUCfR//pw3FpY=
-648,-23,fdM6H6WLYULaKZr4jJ1OTkL4TfY=,B63WdbC8+KwnWYOUCfR//pw3FpY=
-649,-23,fdM6H6WLYULaKZr4jJ1OTkL4TfY=,B63WdbC8+KwnWYOUCfR//pw3FpY=
-645,-32,fdM6H6WLYULaKZr4jJ1OTkL4TfY=,B63WdbC8+KwnWYOUCfR//pw3FpY=
-652,-29,fdM6H6WLYULaKZr4jJ1OTkL4TfY=,B63WdbC8+KwnWYOUCfR//pw3FpY=
-650,-23,fdM6H6WLYULaKZr4jJ1OTkL4TfY=,B63WdbC8+KwnWYOUCfR//pw3FpY=
-651,-23,fdM6H6WLYULaKZr4jJ1OTkL4TfY=,B63WdbC8+KwnWYOUCfR//pw3FpY=
-652,-23,fdM6H6WLYULaKZr4jJ1OTkL4TfY=,B63WdbC8+KwnWYOUCfR//pw3FpY=
-653,-23,fdM6H6WLYULaKZr4jJ1OTkL4TfY=,B63WdbC8+KwnWYOUCfR//pw3FpY=
-654,-23,fdM6H6WLYULaKZr4jJ1OTkL4TfY=,B63WdbC8+KwnWYOUCfR//pw3FpY=
-655,-23,fdM6H6WLYULaKZr4jJ1OTkL4TfY=,B63WdbC8+KwnWYOUCfR//pw3FpY=
-656,-23,fdM6H6WLYULaKZr4jJ1OTkL4TfY=,B63WdbC8+KwnWYOUCfR//pw3FpY=
-648,-31,fdM6H6WLYULaKZr4jJ1OTkL4TfY=,B63WdbC8+KwnWYOUCfR//pw3FpY=
-641,-24,fdM6H6WLYULaKZr4jJ1OTkL4TfY=,B63WdbC8+KwnWYOUCfR//pw3FpY=
-642,-24,fdM6H6WLYULaKZr4jJ1OTkL4TfY=,B63WdbC8+KwnWYOUCfR//pw3FpY=
-643,-24,fdM6H6WLYULaKZr4jJ1OTkL4TfY=,B63WdbC8+KwnWYOUCfR//pw3FpY=
-644,-24,fdM6H6WLYULaKZr4jJ1OTkL4TfY=,B63WdbC8+KwnWYOUCfR//pw3FpY=
-645,-24,fdM6H6WLYULaKZr4jJ1OTkL4TfY=,B63WdbC8+KwnWYOUCfR//pw3FpY=
-646,-24,fdM6H6WLYULaKZr4jJ1OTkL4TfY=,B63WdbC8+KwnWYOUCfR//pw3FpY=
-647,-24,fdM6H6WLYULaKZr4jJ1OTkL4TfY=,B63WdbC8+KwnWYOUCfR//pw3FpY=
-648,-24,fdM6H6WLYULaKZr4jJ1OTkL4TfY=,B63WdbC8+KwnWYOUCfR//pw3FpY=
-646,-32,fdM6H6WLYULaKZr4jJ1OTkL4TfY=,B63WdbC8+KwnWYOUCfR//pw3FpY=
-653,-29,fdM6H6WLYULaKZr4jJ1OTkL4TfY=,B63WdbC8+KwnWYOUCfR//pw3FpY=
-649,-24,fdM6H6WLYULaKZr4jJ1OTkL4TfY=,B63WdbC8+KwnWYOUCfR//pw3FpY=
-650,-24,fdM6H6WLYULaKZr4jJ1OTkL4TfY=,B63WdbC8+KwnWYOUCfR//pw3FpY=
-651,-24,fdM6H6WLYULaKZr4jJ1OTkL4TfY=,B63WdbC8+KwnWYOUCfR//pw3FpY=
-652,-24,fdM6H6WLYULaKZr4jJ1OTkL4TfY=,B63WdbC8+KwnWYOUCfR//pw3FpY=
-653,-24,fdM6H6WLYULaKZr4jJ1OTkL4TfY=,B63WdbC8+KwnWYOUCfR//pw3FpY=
-654,-24,fdM6H6WLYULaKZr4jJ1OTkL4TfY=,B63WdbC8+KwnWYOUCfR//pw3FpY=
-655,-24,fdM6H6WLYULaKZr4jJ1OTkL4TfY=,B63WdbC8+KwnWYOUCfR//pw3FpY=
-649,-31,fdM6H6WLYULaKZr4jJ1OTkL4TfY=,B63WdbC8+KwnWYOUCfR//pw3FpY=
-656,-24,fdM6H6WLYULaKZr4jJ1OTkL4TfY=,B63WdbC8+KwnWYOUCfR//pw3FpY=
-641,-25,fdM6H6WLYULaKZr4jJ1OTkL4TfY=,B63WdbC8+KwnWYOUCfR//pw3FpY=
-642,-25,fdM6H6WLYULaKZr4jJ1OTkL4TfY=,B63WdbC8+KwnWYOUCfR//pw3FpY=
-643,-25,fdM6H6WLYULaKZr4jJ1OTkL4TfY=,B63WdbC8+KwnWYOUCfR//pw3FpY=
-644,-25,fdM6H6WLYULaKZr4jJ1OTkL4TfY=,B63WdbC8+KwnWYOUCfR//pw3FpY=
-645,-25,fdM6H6WLYULaKZr4jJ1OTkL4TfY=,B63WdbC8+KwnWYOUCfR//pw3FpY=
-650,-25,fdM6H6WLYULaKZr4jJ1OTkL4TfY=,B63WdbC8+KwnWYOUCfR//pw3FpY=
-651,-25,fdM6H6WLYULaKZr4jJ1OTkL4TfY=,B63WdbC8+KwnWYOUCfR//pw3FpY=
-652,-25,fdM6H6WLYULaKZr4jJ1OTkL4TfY=,B63WdbC8+KwnWYOUCfR//pw3FpY=
-653,-25,fdM6H6WLYULaKZr4jJ1OTkL4TfY=,B63WdbC8+KwnWYOUCfR//pw3FpY=
-654,-25,fdM6H6WLYULaKZr4jJ1OTkL4TfY=,B63WdbC8+KwnWYOUCfR//pw3FpY=
-655,-25,fdM6H6WLYULaKZr4jJ1OTkL4TfY=,B63WdbC8+KwnWYOUCfR//pw3FpY=
-656,-25,fdM6H6WLYULaKZr4jJ1OTkL4TfY=,B63WdbC8+KwnWYOUCfR//pw3FpY=
-650,-31,fdM6H6WLYULaKZr4jJ1OTkL4TfY=,B63WdbC8+KwnWYOUCfR//pw3FpY=
-641,-26,fdM6H6WLYULaKZr4jJ1OTkL4TfY=,B63WdbC8+KwnWYOUCfR//pw3FpY=
-642,-26,fdM6H6WLYULaKZr4jJ1OTkL4TfY=,B63WdbC8+KwnWYOUCfR//pw3FpY=
-643,-26,fdM6H6WLYULaKZr4jJ1OTkL4TfY=,B63WdbC8+KwnWYOUCfR//pw3FpY=
-644,-26,fdM6H6WLYULaKZr4jJ1OTkL4TfY=,B63WdbC8+KwnWYOUCfR//pw3FpY=
-645,-26,fdM6H6WLYULaKZr4jJ1OTkL4TfY=,B63WdbC8+KwnWYOUCfR//pw3FpY=
-646,-26,fdM6H6WLYULaKZr4jJ1OTkL4TfY=,B63WdbC8+KwnWYOUCfR//pw3FpY=
-648,-32,fdM6H6WLYULaKZr4jJ1OTkL4TfY=,B63WdbC8+KwnWYOUCfR//pw3FpY=
-655,-29,fdM6H6WLYULaKZr4jJ1OTkL4TfY=,B63WdbC8+KwnWYOUCfR//pw3FpY=
-647,-26,fdM6H6WLYULaKZr4jJ1OTkL4TfY=,B63WdbC8+KwnWYOUCfR//pw3FpY=
-648,-26,fdM6H6WLYULaKZr4jJ1OTkL4TfY=,B63WdbC8+KwnWYOUCfR//pw3FpY=
-649,-26,fdM6H6WLYULaKZr4jJ1OTkL4TfY=,B63WdbC8+KwnWYOUCfR//pw3FpY=
-650,-26,fdM6H6WLYULaKZr4jJ1OTkL4TfY=,B63WdbC8+KwnWYOUCfR//pw3FpY=
-651,-26,fdM6H6WLYULaKZr4jJ1OTkL4TfY=,B63WdbC8+KwnWYOUCfR//pw3FpY=
-652,-26,fdM6H6WLYULaKZr4jJ1OTkL4TfY=,B63WdbC8+KwnWYOUCfR//pw3FpY=
-653,-26,fdM6H6WLYULaKZr4jJ1OTkL4TfY=,B63WdbC8+KwnWYOUCfR//pw3FpY=
-654,-26,fdM6H6WLYULaKZr4jJ1OTkL4TfY=,B63WdbC8+KwnWYOUCfR//pw3FpY=
-655,-26,fdM6H6WLYULaKZr4jJ1OTkL4TfY=,B63WdbC8+KwnWYOUCfR//pw3FpY=
-656,-26,fdM6H6WLYULaKZr4jJ1OTkL4TfY=,B63WdbC8+KwnWYOUCfR//pw3FpY=
-651,-31,fdM6H6WLYULaKZr4jJ1OTkL4TfY=,B63WdbC8+KwnWYOUCfR//pw3FpY=
-641,-27,fdM6H6WLYULaKZr4jJ1OTkL4TfY=,B63WdbC8+KwnWYOUCfR//pw3FpY=
-642,-27,fdM6H6WLYULaKZr4jJ1OTkL4TfY=,B63WdbC8+KwnWYOUCfR//pw3FpY=
-643,-27,fdM6H6WLYULaKZr4jJ1OTkL4TfY=,B63WdbC8+KwnWYOUCfR//pw3FpY=
-644,-27,fdM6H6WLYULaKZr4jJ1OTkL4TfY=,B63WdbC8+KwnWYOUCfR//pw3FpY=
-645,-27,fdM6H6WLYULaKZr4jJ1OTkL4TfY=,B63WdbC8+KwnWYOUCfR//pw3FpY=
-649,-32,fdM6H6WLYULaKZr4jJ1OTkL4TfY=,B63WdbC8+KwnWYOUCfR//pw3FpY=
-652,-31,fdM6H6WLYULaKZr4jJ1OTkL4TfY=,B63WdbC8+KwnWYOUCfR//pw3FpY=
-656,-29,fdM6H6WLYULaKZr4jJ1OTkL4TfY=,B63WdbC8+KwnWYOUCfR//pw3FpY=
-646,-27,fdM6H6WLYULaKZr4jJ1OTkL4TfY=,B63WdbC8+KwnWYOUCfR//pw3FpY=
-647,-27,fdM6H6WLYULaKZr4jJ1OTkL4TfY=,B63WdbC8+KwnWYOUCfR//pw3FpY=
-648,-27,fdM6H6WLYULaKZr4jJ1OTkL4TfY=,B63WdbC8+KwnWYOUCfR//pw3FpY=
-649,-27,fdM6H6WLYULaKZr4jJ1OTkL4TfY=,B63WdbC8+KwnWYOUCfR//pw3FpY=
-650,-27,fdM6H6WLYULaKZr4jJ1OTkL4TfY=,B63WdbC8+KwnWYOUCfR//pw3FpY=
-651,-27,fdM6H6WLYULaKZr4jJ1OTkL4TfY=,B63WdbC8+KwnWYOUCfR//pw3FpY=
-652,-27,fdM6H6WLYULaKZr4jJ1OTkL4TfY=,B63WdbC8+KwnWYOUCfR//pw3FpY=
-653,-27,fdM6H6WLYULaKZr4jJ1OTkL4TfY=,B63WdbC8+KwnWYOUCfR//pw3FpY=
-654,-27,fdM6H6WLYULaKZr4jJ1OTkL4TfY=,B63WdbC8+KwnWYOUCfR//pw3FpY=
-655,-27,fdM6H6WLYULaKZr4jJ1OTkL4TfY=,B63WdbC8+KwnWYOUCfR//pw3FpY=
-653,-31,fdM6H6WLYULaKZr4jJ1OTkL4TfY=,B63WdbC8+KwnWYOUCfR//pw3FpY=
-656,-32,fdM6H6WLYULaKZr4jJ1OTkL4TfY=,B63WdbC8+KwnWYOUCfR//pw3FpY=
-656,-27,fdM6H6WLYULaKZr4jJ1OTkL4TfY=,B63WdbC8+KwnWYOUCfR//pw3FpY=
-641,-28,fdM6H6WLYULaKZr4jJ1OTkL4TfY=,B63WdbC8+KwnWYOUCfR//pw3FpY=
-642,-28,fdM6H6WLYULaKZr4jJ1OTkL4TfY=,B63WdbC8+KwnWYOUCfR//pw3FpY=
-643,-28,fdM6H6WLYULaKZr4jJ1OTkL4TfY=,B63WdbC8+KwnWYOUCfR//pw3FpY=
-644,-28,fdM6H6WLYULaKZr4jJ1OTkL4TfY=,B63WdbC8+KwnWYOUCfR//pw3FpY=
-650,-32,fdM6H6WLYULaKZr4jJ1OTkL4TfY=,B63WdbC8+KwnWYOUCfR//pw3FpY=
-645,-28,fdM6H6WLYULaKZr4jJ1OTkL4TfY=,B63WdbC8+KwnWYOUCfR//pw3FpY=
-641,-30,fdM6H6WLYULaKZr4jJ1OTkL4TfY=,B63WdbC8+KwnWYOUCfR//pw3FpY=
-646,-28,fdM6H6WLYULaKZr4jJ1OTkL4TfY=,B63WdbC8+KwnWYOUCfR//pw3FpY=
-647,-28,fdM6H6WLYULaKZr4jJ1OTkL4TfY=,B63WdbC8+KwnWYOUCfR//pw3FpY=
-648,-28,fdM6H6WLYULaKZr4jJ1OTkL4TfY=,B63WdbC8+KwnWYOUCfR//pw3FpY=
-649,-28,fdM6H6WLYULaKZr4jJ1OTkL4TfY=,B63WdbC8+KwnWYOUCfR//pw3FpY=
-650,-28,fdM6H6WLYULaKZr4jJ1OTkL4TfY=,B63WdbC8+KwnWYOUCfR//pw3FpY=
-651,-28,fdM6H6WLYULaKZr4jJ1OTkL4TfY=,B63WdbC8+KwnWYOUCfR//pw3FpY=
-652,-28,fdM6H6WLYULaKZr4jJ1OTkL4TfY=,B63WdbC8+KwnWYOUCfR//pw3FpY=
-653,-28,fdM6H6WLYULaKZr4jJ1OTkL4TfY=,B63WdbC8+KwnWYOUCfR//pw3FpY=
-654,-28,fdM6H6WLYULaKZr4jJ1OTkL4TfY=,B63WdbC8+KwnWYOUCfR//pw3FpY=
-655,-28,fdM6H6WLYULaKZr4jJ1OTkL4TfY=,B63WdbC8+KwnWYOUCfR//pw3FpY=
-654,-31,fdM6H6WLYULaKZr4jJ1OTkL4TfY=,B63WdbC8+KwnWYOUCfR//pw3FpY=
-651,-32,fdM6H6WLYULaKZr4jJ1OTkL4TfY=,B63WdbC8+KwnWYOUCfR//pw3FpY=
-656,-28,fdM6H6WLYULaKZr4jJ1OTkL4TfY=,B63WdbC8+KwnWYOUCfR//pw3FpY=
-646,-25,fdM6H6WLYULaKZr4jJ1OTkL4TfY=,B63WdbC8+KwnWYOUCfR//pw3FpY=
-642,-29,fdM6H6WLYULaKZr4jJ1OTkL4TfY=,B63WdbC8+KwnWYOUCfR//pw3FpY=
-643,-29,fdM6H6WLYULaKZr4jJ1OTkL4TfY=,B63WdbC8+KwnWYOUCfR//pw3FpY=
-652,-32,fdM6H6WLYULaKZr4jJ1OTkL4TfY=,B63WdbC8+KwnWYOUCfR//pw3FpY=
-642,-30,fdM6H6WLYULaKZr4jJ1OTkL4TfY=,B63WdbC8+KwnWYOUCfR//pw3FpY=
-641,-29,fdM6H6WLYULaKZr4jJ1OTkL4TfY=,B63WdbC8+KwnWYOUCfR//pw3FpY=
-647,-25,fdM6H6WLYULaKZr4jJ1OTkL4TfY=,B63WdbC8+KwnWYOUCfR//pw3FpY=
-647,-32,fdM6H6WLYULaKZr4jJ1OTkL4TfY=,B63WdbC8+KwnWYOUCfR//pw3FpY=
-654,-29,fdM6H6WLYULaKZr4jJ1OTkL4TfY=,B63WdbC8+KwnWYOUCfR//pw3FpY=
-648,-25,fdM6H6WLYULaKZr4jJ1OTkL4TfY=,B63WdbC8+KwnWYOUCfR//pw3FpY=
-649,-25,fdM6H6WLYULaKZr4jJ1OTkL4TfY=,B63WdbC8+KwnWYOUCfR//pw3FpY=
-654,-30,fdM6H6WLYULaKZr4jJ1OTkL4TfY=,B63WdbC8+KwnWYOUCfR//pw3FpY=
-641,-32,fdM6H6WLYULaKZr4jJ1OTkL4TfY=,B63WdbC8+KwnWYOUCfR//pw3FpY=
-660,-29,C/qEKrMzfS7+wwadGMzWQUdwSUs=,r2DVGdpV4Ss+RZ3MPkNabsFtmKA=
-669,-32,C/qEKrMzfS7+wwadGMzWQUdwSUs=,r2DVGdpV4Ss+RZ3MPkNabsFtmKA=
-657,-31,C/qEKrMzfS7+wwadGMzWQUdwSUs=,r2DVGdpV4Ss+RZ3MPkNabsFtmKA=
-657,-17,C/qEKrMzfS7+wwadGMzWQUdwSUs=,r2DVGdpV4Ss+RZ3MPkNabsFtmKA=
-659,-30,C/qEKrMzfS7+wwadGMzWQUdwSUs=,r2DVGdpV4Ss+RZ3MPkNabsFtmKA=
-660,-30,C/qEKrMzfS7+wwadGMzWQUdwSUs=,r2DVGdpV4Ss+RZ3MPkNabsFtmKA=
-661,-30,C/qEKrMzfS7+wwadGMzWQUdwSUs=,r2DVGdpV4Ss+RZ3MPkNabsFtmKA=
-662,-30,C/qEKrMzfS7+wwadGMzWQUdwSUs=,r2DVGdpV4Ss+RZ3MPkNabsFtmKA=
-663,-30,C/qEKrMzfS7+wwadGMzWQUdwSUs=,r2DVGdpV4Ss+RZ3MPkNabsFtmKA=
-664,-30,C/qEKrMzfS7+wwadGMzWQUdwSUs=,r2DVGdpV4Ss+RZ3MPkNabsFtmKA=
-665,-30,C/qEKrMzfS7+wwadGMzWQUdwSUs=,r2DVGdpV4Ss+RZ3MPkNabsFtmKA=
-666,-30,C/qEKrMzfS7+wwadGMzWQUdwSUs=,r2DVGdpV4Ss+RZ3MPkNabsFtmKA=
-667,-30,C/qEKrMzfS7+wwadGMzWQUdwSUs=,r2DVGdpV4Ss+RZ3MPkNabsFtmKA=
-668,-30,C/qEKrMzfS7+wwadGMzWQUdwSUs=,r2DVGdpV4Ss+RZ3MPkNabsFtmKA=
-669,-30,C/qEKrMzfS7+wwadGMzWQUdwSUs=,r2DVGdpV4Ss+RZ3MPkNabsFtmKA=
-670,-30,C/qEKrMzfS7+wwadGMzWQUdwSUs=,r2DVGdpV4Ss+RZ3MPkNabsFtmKA=
-671,-30,C/qEKrMzfS7+wwadGMzWQUdwSUs=,r2DVGdpV4Ss+RZ3MPkNabsFtmKA=
-658,-17,C/qEKrMzfS7+wwadGMzWQUdwSUs=,r2DVGdpV4Ss+RZ3MPkNabsFtmKA=
-661,-29,C/qEKrMzfS7+wwadGMzWQUdwSUs=,r2DVGdpV4Ss+RZ3MPkNabsFtmKA=
-672,-30,C/qEKrMzfS7+wwadGMzWQUdwSUs=,r2DVGdpV4Ss+RZ3MPkNabsFtmKA=
-659,-17,C/qEKrMzfS7+wwadGMzWQUdwSUs=,r2DVGdpV4Ss+RZ3MPkNabsFtmKA=
-660,-17,C/qEKrMzfS7+wwadGMzWQUdwSUs=,r2DVGdpV4Ss+RZ3MPkNabsFtmKA=
-661,-17,C/qEKrMzfS7+wwadGMzWQUdwSUs=,r2DVGdpV4Ss+RZ3MPkNabsFtmKA=
-662,-17,C/qEKrMzfS7+wwadGMzWQUdwSUs=,r2DVGdpV4Ss+RZ3MPkNabsFtmKA=
-663,-17,C/qEKrMzfS7+wwadGMzWQUdwSUs=,r2DVGdpV4Ss+RZ3MPkNabsFtmKA=
-664,-17,C/qEKrMzfS7+wwadGMzWQUdwSUs=,r2DVGdpV4Ss+RZ3MPkNabsFtmKA=
-665,-17,C/qEKrMzfS7+wwadGMzWQUdwSUs=,r2DVGdpV4Ss+RZ3MPkNabsFtmKA=
-666,-17,C/qEKrMzfS7+wwadGMzWQUdwSUs=,r2DVGdpV4Ss+RZ3MPkNabsFtmKA=
-667,-17,C/qEKrMzfS7+wwadGMzWQUdwSUs=,r2DVGdpV4Ss+RZ3MPkNabsFtmKA=
-668,-17,C/qEKrMzfS7+wwadGMzWQUdwSUs=,r2DVGdpV4Ss+RZ3MPkNabsFtmKA=
-669,-17,C/qEKrMzfS7+wwadGMzWQUdwSUs=,r2DVGdpV4Ss+RZ3MPkNabsFtmKA=
-670,-32,C/qEKrMzfS7+wwadGMzWQUdwSUs=,r2DVGdpV4Ss+RZ3MPkNabsFtmKA=
-670,-17,C/qEKrMzfS7+wwadGMzWQUdwSUs=,r2DVGdpV4Ss+RZ3MPkNabsFtmKA=
-671,-17,C/qEKrMzfS7+wwadGMzWQUdwSUs=,r2DVGdpV4Ss+RZ3MPkNabsFtmKA=
-662,-29,C/qEKrMzfS7+wwadGMzWQUdwSUs=,r2DVGdpV4Ss+RZ3MPkNabsFtmKA=
-658,-31,C/qEKrMzfS7+wwadGMzWQUdwSUs=,r2DVGdpV4Ss+RZ3MPkNabsFtmKA=
-672,-17,C/qEKrMzfS7+wwadGMzWQUdwSUs=,r2DVGdpV4Ss+RZ3MPkNabsFtmKA=
-657,-18,C/qEKrMzfS7+wwadGMzWQUdwSUs=,r2DVGdpV4Ss+RZ3MPkNabsFtmKA=
-658,-18,C/qEKrMzfS7+wwadGMzWQUdwSUs=,r2DVGdpV4Ss+RZ3MPkNabsFtmKA=
-659,-18,C/qEKrMzfS7+wwadGMzWQUdwSUs=,r2DVGdpV4Ss+RZ3MPkNabsFtmKA=
-660,-18,C/qEKrMzfS7+wwadGMzWQUdwSUs=,r2DVGdpV4Ss+RZ3MPkNabsFtmKA=
-661,-18,C/qEKrMzfS7+wwadGMzWQUdwSUs=,r2DVGdpV4Ss+RZ3MPkNabsFtmKA=
-662,-18,C/qEKrMzfS7+wwadGMzWQUdwSUs=,r2DVGdpV4Ss+RZ3MPkNabsFtmKA=
-663,-18,C/qEKrMzfS7+wwadGMzWQUdwSUs=,r2DVGdpV4Ss+RZ3MPkNabsFtmKA=
-664,-18,C/qEKrMzfS7+wwadGMzWQUdwSUs=,r2DVGdpV4Ss+RZ3MPkNabsFtmKA=
-665,-18,C/qEKrMzfS7+wwadGMzWQUdwSUs=,r2DVGdpV4Ss+RZ3MPkNabsFtmKA=
-666,-18,C/qEKrMzfS7+wwadGMzWQUdwSUs=,r2DVGdpV4Ss+RZ3MPkNabsFtmKA=
-667,-18,C/qEKrMzfS7+wwadGMzWQUdwSUs=,r2DVGdpV4Ss+RZ3MPkNabsFtmKA=
-668,-18,C/qEKrMzfS7+wwadGMzWQUdwSUs=,r2DVGdpV4Ss+RZ3MPkNabsFtmKA=
-669,-18,C/qEKrMzfS7+wwadGMzWQUdwSUs=,r2DVGdpV4Ss+RZ3MPkNabsFtmKA=
-670,-18,C/qEKrMzfS7+wwadGMzWQUdwSUs=,r2DVGdpV4Ss+RZ3MPkNabsFtmKA=
-671,-31,C/qEKrMzfS7+wwadGMzWQUdwSUs=,r2DVGdpV4Ss+RZ3MPkNabsFtmKA=
-663,-29,C/qEKrMzfS7+wwadGMzWQUdwSUs=,r2DVGdpV4Ss+RZ3MPkNabsFtmKA=
-671,-18,C/qEKrMzfS7+wwadGMzWQUdwSUs=,r2DVGdpV4Ss+RZ3MPkNabsFtmKA=
-672,-31,C/qEKrMzfS7+wwadGMzWQUdwSUs=,r2DVGdpV4Ss+RZ3MPkNabsFtmKA=
-671,-32,C/qEKrMzfS7+wwadGMzWQUdwSUs=,r2DVGdpV4Ss+RZ3MPkNabsFtmKA=
-672,-18,C/qEKrMzfS7+wwadGMzWQUdwSUs=,r2DVGdpV4Ss+RZ3MPkNabsFtmKA=
-657,-19,C/qEKrMzfS7+wwadGMzWQUdwSUs=,r2DVGdpV4Ss+RZ3MPkNabsFtmKA=
-658,-19,C/qEKrMzfS7+wwadGMzWQUdwSUs=,r2DVGdpV4Ss+RZ3MPkNabsFtmKA=
-659,-19,C/qEKrMzfS7+wwadGMzWQUdwSUs=,r2DVGdpV4Ss+RZ3MPkNabsFtmKA=
-660,-19,C/qEKrMzfS7+wwadGMzWQUdwSUs=,r2DVGdpV4Ss+RZ3MPkNabsFtmKA=
-661,-19,C/qEKrMzfS7+wwadGMzWQUdwSUs=,r2DVGdpV4Ss+RZ3MPkNabsFtmKA=
-662,-19,C/qEKrMzfS7+wwadGMzWQUdwSUs=,r2DVGdpV4Ss+RZ3MPkNabsFtmKA=
-663,-19,C/qEKrMzfS7+wwadGMzWQUdwSUs=,r2DVGdpV4Ss+RZ3MPkNabsFtmKA=
-664,-19,C/qEKrMzfS7+wwadGMzWQUdwSUs=,r2DVGdpV4Ss+RZ3MPkNabsFtmKA=
-665,-19,C/qEKrMzfS7+wwadGMzWQUdwSUs=,r2DVGdpV4Ss+RZ3MPkNabsFtmKA=
-666,-19,C/qEKrMzfS7+wwadGMzWQUdwSUs=,r2DVGdpV4Ss+RZ3MPkNabsFtmKA=
-667,-19,C/qEKrMzfS7+wwadGMzWQUdwSUs=,r2DVGdpV4Ss+RZ3MPkNabsFtmKA=
-668,-19,C/qEKrMzfS7+wwadGMzWQUdwSUs=,r2DVGdpV4Ss+RZ3MPkNabsFtmKA=
-669,-19,C/qEKrMzfS7+wwadGMzWQUdwSUs=,r2DVGdpV4Ss+RZ3MPkNabsFtmKA=
-659,-31,C/qEKrMzfS7+wwadGMzWQUdwSUs=,r2DVGdpV4Ss+RZ3MPkNabsFtmKA=
-657,-32,C/qEKrMzfS7+wwadGMzWQUdwSUs=,r2DVGdpV4Ss+RZ3MPkNabsFtmKA=
-664,-29,C/qEKrMzfS7+wwadGMzWQUdwSUs=,r2DVGdpV4Ss+RZ3MPkNabsFtmKA=
-670,-19,C/qEKrMzfS7+wwadGMzWQUdwSUs=,r2DVGdpV4Ss+RZ3MPkNabsFtmKA=
-671,-19,C/qEKrMzfS7+wwadGMzWQUdwSUs=,r2DVGdpV4Ss+RZ3MPkNabsFtmKA=
-672,-19,C/qEKrMzfS7+wwadGMzWQUdwSUs=,r2DVGdpV4Ss+RZ3MPkNabsFtmKA=
-660,-31,C/qEKrMzfS7+wwadGMzWQUdwSUs=,r2DVGdpV4Ss+RZ3MPkNabsFtmKA=
-657,-20,C/qEKrMzfS7+wwadGMzWQUdwSUs=,r2DVGdpV4Ss+RZ3MPkNabsFtmKA=
-658,-20,C/qEKrMzfS7+wwadGMzWQUdwSUs=,r2DVGdpV4Ss+RZ3MPkNabsFtmKA=
-659,-20,C/qEKrMzfS7+wwadGMzWQUdwSUs=,r2DVGdpV4Ss+RZ3MPkNabsFtmKA=
-660,-20,C/qEKrMzfS7+wwadGMzWQUdwSUs=,r2DVGdpV4Ss+RZ3MPkNabsFtmKA=
-661,-20,C/qEKrMzfS7+wwadGMzWQUdwSUs=,r2DVGdpV4Ss+RZ3MPkNabsFtmKA=
-662,-20,C/qEKrMzfS7+wwadGMzWQUdwSUs=,r2DVGdpV4Ss+RZ3MPkNabsFtmKA=
-663,-20,C/qEKrMzfS7+wwadGMzWQUdwSUs=,r2DVGdpV4Ss+RZ3MPkNabsFtmKA=
-664,-20,C/qEKrMzfS7+wwadGMzWQUdwSUs=,r2DVGdpV4Ss+RZ3MPkNabsFtmKA=
-665,-20,C/qEKrMzfS7+wwadGMzWQUdwSUs=,r2DVGdpV4Ss+RZ3MPkNabsFtmKA=
-666,-20,C/qEKrMzfS7+wwadGMzWQUdwSUs=,r2DVGdpV4Ss+RZ3MPkNabsFtmKA=
-667,-20,C/qEKrMzfS7+wwadGMzWQUdwSUs=,r2DVGdpV4Ss+RZ3MPkNabsFtmKA=
-668,-20,C/qEKrMzfS7+wwadGMzWQUdwSUs=,r2DVGdpV4Ss+RZ3MPkNabsFtmKA=
-658,-32,C/qEKrMzfS7+wwadGMzWQUdwSUs=,r2DVGdpV4Ss+RZ3MPkNabsFtmKA=
-665,-29,C/qEKrMzfS7+wwadGMzWQUdwSUs=,r2DVGdpV4Ss+RZ3MPkNabsFtmKA=
-669,-20,C/qEKrMzfS7+wwadGMzWQUdwSUs=,r2DVGdpV4Ss+RZ3MPkNabsFtmKA=
-670,-20,C/qEKrMzfS7+wwadGMzWQUdwSUs=,r2DVGdpV4Ss+RZ3MPkNabsFtmKA=
-671,-20,C/qEKrMzfS7+wwadGMzWQUdwSUs=,r2DVGdpV4Ss+RZ3MPkNabsFtmKA=
-672,-20,C/qEKrMzfS7+wwadGMzWQUdwSUs=,r2DVGdpV4Ss+RZ3MPkNabsFtmKA=
-661,-31,C/qEKrMzfS7+wwadGMzWQUdwSUs=,r2DVGdpV4Ss+RZ3MPkNabsFtmKA=
-657,-21,C/qEKrMzfS7+wwadGMzWQUdwSUs=,r2DVGdpV4Ss+RZ3MPkNabsFtmKA=
-658,-21,C/qEKrMzfS7+wwadGMzWQUdwSUs=,r2DVGdpV4Ss+RZ3MPkNabsFtmKA=
-659,-21,C/qEKrMzfS7+wwadGMzWQUdwSUs=,r2DVGdpV4Ss+RZ3MPkNabsFtmKA=
-660,-21,C/qEKrMzfS7+wwadGMzWQUdwSUs=,r2DVGdpV4Ss+RZ3MPkNabsFtmKA=
-661,-21,C/qEKrMzfS7+wwadGMzWQUdwSUs=,r2DVGdpV4Ss+RZ3MPkNabsFtmKA=
-662,-21,C/qEKrMzfS7+wwadGMzWQUdwSUs=,r2DVGdpV4Ss+RZ3MPkNabsFtmKA=
-663,-21,C/qEKrMzfS7+wwadGMzWQUdwSUs=,r2DVGdpV4Ss+RZ3MPkNabsFtmKA=
-664,-21,C/qEKrMzfS7+wwadGMzWQUdwSUs=,r2DVGdpV4Ss+RZ3MPkNabsFtmKA=
-665,-21,C/qEKrMzfS7+wwadGMzWQUdwSUs=,r2DVGdpV4Ss+RZ3MPkNabsFtmKA=
-666,-21,C/qEKrMzfS7+wwadGMzWQUdwSUs=,r2DVGdpV4Ss+RZ3MPkNabsFtmKA=
-667,-21,C/qEKrMzfS7+wwadGMzWQUdwSUs=,r2DVGdpV4Ss+RZ3MPkNabsFtmKA=
-659,-32,C/qEKrMzfS7+wwadGMzWQUdwSUs=,r2DVGdpV4Ss+RZ3MPkNabsFtmKA=
-666,-29,C/qEKrMzfS7+wwadGMzWQUdwSUs=,r2DVGdpV4Ss+RZ3MPkNabsFtmKA=
-668,-21,C/qEKrMzfS7+wwadGMzWQUdwSUs=,r2DVGdpV4Ss+RZ3MPkNabsFtmKA=
-669,-21,C/qEKrMzfS7+wwadGMzWQUdwSUs=,r2DVGdpV4Ss+RZ3MPkNabsFtmKA=
-670,-21,C/qEKrMzfS7+wwadGMzWQUdwSUs=,r2DVGdpV4Ss+RZ3MPkNabsFtmKA=
-671,-21,C/qEKrMzfS7+wwadGMzWQUdwSUs=,r2DVGdpV4Ss+RZ3MPkNabsFtmKA=
-672,-21,C/qEKrMzfS7+wwadGMzWQUdwSUs=,r2DVGdpV4Ss+RZ3MPkNabsFtmKA=
-662,-31,C/qEKrMzfS7+wwadGMzWQUdwSUs=,r2DVGdpV4Ss+RZ3MPkNabsFtmKA=
-657,-22,C/qEKrMzfS7+wwadGMzWQUdwSUs=,r2DVGdpV4Ss+RZ3MPkNabsFtmKA=
-658,-22,C/qEKrMzfS7+wwadGMzWQUdwSUs=,r2DVGdpV4Ss+RZ3MPkNabsFtmKA=
-659,-22,C/qEKrMzfS7+wwadGMzWQUdwSUs=,r2DVGdpV4Ss+RZ3MPkNabsFtmKA=
-660,-22,C/qEKrMzfS7+wwadGMzWQUdwSUs=,r2DVGdpV4Ss+RZ3MPkNabsFtmKA=
-661,-22,C/qEKrMzfS7+wwadGMzWQUdwSUs=,r2DVGdpV4Ss+RZ3MPkNabsFtmKA=
-662,-22,C/qEKrMzfS7+wwadGMzWQUdwSUs=,r2DVGdpV4Ss+RZ3MPkNabsFtmKA=
-663,-22,C/qEKrMzfS7+wwadGMzWQUdwSUs=,r2DVGdpV4Ss+RZ3MPkNabsFtmKA=
-664,-22,C/qEKrMzfS7+wwadGMzWQUdwSUs=,r2DVGdpV4Ss+RZ3MPkNabsFtmKA=
-665,-22,C/qEKrMzfS7+wwadGMzWQUdwSUs=,r2DVGdpV4Ss+RZ3MPkNabsFtmKA=
-666,-22,C/qEKrMzfS7+wwadGMzWQUdwSUs=,r2DVGdpV4Ss+RZ3MPkNabsFtmKA=
-660,-32,C/qEKrMzfS7+wwadGMzWQUdwSUs=,r2DVGdpV4Ss+RZ3MPkNabsFtmKA=
-667,-29,C/qEKrMzfS7+wwadGMzWQUdwSUs=,r2DVGdpV4Ss+RZ3MPkNabsFtmKA=
-667,-22,C/qEKrMzfS7+wwadGMzWQUdwSUs=,r2DVGdpV4Ss+RZ3MPkNabsFtmKA=
-668,-22,C/qEKrMzfS7+wwadGMzWQUdwSUs=,r2DVGdpV4Ss+RZ3MPkNabsFtmKA=
-669,-22,C/qEKrMzfS7+wwadGMzWQUdwSUs=,r2DVGdpV4Ss+RZ3MPkNabsFtmKA=
-670,-22,C/qEKrMzfS7+wwadGMzWQUdwSUs=,r2DVGdpV4Ss+RZ3MPkNabsFtmKA=
-671,-22,C/qEKrMzfS7+wwadGMzWQUdwSUs=,r2DVGdpV4Ss+RZ3MPkNabsFtmKA=
-663,-31,C/qEKrMzfS7+wwadGMzWQUdwSUs=,r2DVGdpV4Ss+RZ3MPkNabsFtmKA=
-672,-22,C/qEKrMzfS7+wwadGMzWQUdwSUs=,r2DVGdpV4Ss+RZ3MPkNabsFtmKA=
-657,-23,C/qEKrMzfS7+wwadGMzWQUdwSUs=,r2DVGdpV4Ss+RZ3MPkNabsFtmKA=
-658,-23,C/qEKrMzfS7+wwadGMzWQUdwSUs=,r2DVGdpV4Ss+RZ3MPkNabsFtmKA=
-659,-23,C/qEKrMzfS7+wwadGMzWQUdwSUs=,r2DVGdpV4Ss+RZ3MPkNabsFtmKA=
-660,-23,C/qEKrMzfS7+wwadGMzWQUdwSUs=,r2DVGdpV4Ss+RZ3MPkNabsFtmKA=
-661,-23,C/qEKrMzfS7+wwadGMzWQUdwSUs=,r2DVGdpV4Ss+RZ3MPkNabsFtmKA=
-662,-23,C/qEKrMzfS7+wwadGMzWQUdwSUs=,r2DVGdpV4Ss+RZ3MPkNabsFtmKA=
-663,-23,C/qEKrMzfS7+wwadGMzWQUdwSUs=,r2DVGdpV4Ss+RZ3MPkNabsFtmKA=
-664,-23,C/qEKrMzfS7+wwadGMzWQUdwSUs=,r2DVGdpV4Ss+RZ3MPkNabsFtmKA=
-665,-23,C/qEKrMzfS7+wwadGMzWQUdwSUs=,r2DVGdpV4Ss+RZ3MPkNabsFtmKA=
-661,-32,C/qEKrMzfS7+wwadGMzWQUdwSUs=,r2DVGdpV4Ss+RZ3MPkNabsFtmKA=
-668,-29,C/qEKrMzfS7+wwadGMzWQUdwSUs=,r2DVGdpV4Ss+RZ3MPkNabsFtmKA=
-666,-23,C/qEKrMzfS7+wwadGMzWQUdwSUs=,r2DVGdpV4Ss+RZ3MPkNabsFtmKA=
-667,-23,C/qEKrMzfS7+wwadGMzWQUdwSUs=,r2DVGdpV4Ss+RZ3MPkNabsFtmKA=
-668,-23,C/qEKrMzfS7+wwadGMzWQUdwSUs=,r2DVGdpV4Ss+RZ3MPkNabsFtmKA=
-669,-23,C/qEKrMzfS7+wwadGMzWQUdwSUs=,r2DVGdpV4Ss+RZ3MPkNabsFtmKA=
-670,-23,C/qEKrMzfS7+wwadGMzWQUdwSUs=,r2DVGdpV4Ss+RZ3MPkNabsFtmKA=
-671,-23,C/qEKrMzfS7+wwadGMzWQUdwSUs=,r2DVGdpV4Ss+RZ3MPkNabsFtmKA=
-664,-31,C/qEKrMzfS7+wwadGMzWQUdwSUs=,r2DVGdpV4Ss+RZ3MPkNabsFtmKA=
-672,-23,C/qEKrMzfS7+wwadGMzWQUdwSUs=,r2DVGdpV4Ss+RZ3MPkNabsFtmKA=
-657,-24,C/qEKrMzfS7+wwadGMzWQUdwSUs=,r2DVGdpV4Ss+RZ3MPkNabsFtmKA=
-658,-24,C/qEKrMzfS7+wwadGMzWQUdwSUs=,r2DVGdpV4Ss+RZ3MPkNabsFtmKA=
-659,-24,C/qEKrMzfS7+wwadGMzWQUdwSUs=,r2DVGdpV4Ss+RZ3MPkNabsFtmKA=
-660,-24,C/qEKrMzfS7+wwadGMzWQUdwSUs=,r2DVGdpV4Ss+RZ3MPkNabsFtmKA=
-661,-24,C/qEKrMzfS7+wwadGMzWQUdwSUs=,r2DVGdpV4Ss+RZ3MPkNabsFtmKA=
-662,-24,C/qEKrMzfS7+wwadGMzWQUdwSUs=,r2DVGdpV4Ss+RZ3MPkNabsFtmKA=
-663,-24,C/qEKrMzfS7+wwadGMzWQUdwSUs=,r2DVGdpV4Ss+RZ3MPkNabsFtmKA=
-664,-24,C/qEKrMzfS7+wwadGMzWQUdwSUs=,r2DVGdpV4Ss+RZ3MPkNabsFtmKA=
-669,-29,C/qEKrMzfS7+wwadGMzWQUdwSUs=,r2DVGdpV4Ss+RZ3MPkNabsFtmKA=
-665,-24,C/qEKrMzfS7+wwadGMzWQUdwSUs=,r2DVGdpV4Ss+RZ3MPkNabsFtmKA=
-666,-24,C/qEKrMzfS7+wwadGMzWQUdwSUs=,r2DVGdpV4Ss+RZ3MPkNabsFtmKA=
-667,-24,C/qEKrMzfS7+wwadGMzWQUdwSUs=,r2DVGdpV4Ss+RZ3MPkNabsFtmKA=
-668,-24,C/qEKrMzfS7+wwadGMzWQUdwSUs=,r2DVGdpV4Ss+RZ3MPkNabsFtmKA=
-669,-24,C/qEKrMzfS7+wwadGMzWQUdwSUs=,r2DVGdpV4Ss+RZ3MPkNabsFtmKA=
-670,-24,C/qEKrMzfS7+wwadGMzWQUdwSUs=,r2DVGdpV4Ss+RZ3MPkNabsFtmKA=
-672,-24,C/qEKrMzfS7+wwadGMzWQUdwSUs=,r2DVGdpV4Ss+RZ3MPkNabsFtmKA=
-671,-24,C/qEKrMzfS7+wwadGMzWQUdwSUs=,r2DVGdpV4Ss+RZ3MPkNabsFtmKA=
-665,-31,C/qEKrMzfS7+wwadGMzWQUdwSUs=,r2DVGdpV4Ss+RZ3MPkNabsFtmKA=
-657,-25,C/qEKrMzfS7+wwadGMzWQUdwSUs=,r2DVGdpV4Ss+RZ3MPkNabsFtmKA=
-658,-25,C/qEKrMzfS7+wwadGMzWQUdwSUs=,r2DVGdpV4Ss+RZ3MPkNabsFtmKA=
-659,-25,C/qEKrMzfS7+wwadGMzWQUdwSUs=,r2DVGdpV4Ss+RZ3MPkNabsFtmKA=
-660,-25,C/qEKrMzfS7+wwadGMzWQUdwSUs=,r2DVGdpV4Ss+RZ3MPkNabsFtmKA=
-661,-25,C/qEKrMzfS7+wwadGMzWQUdwSUs=,r2DVGdpV4Ss+RZ3MPkNabsFtmKA=
-662,-25,C/qEKrMzfS7+wwadGMzWQUdwSUs=,r2DVGdpV4Ss+RZ3MPkNabsFtmKA=
-663,-25,C/qEKrMzfS7+wwadGMzWQUdwSUs=,r2DVGdpV4Ss+RZ3MPkNabsFtmKA=
-670,-29,C/qEKrMzfS7+wwadGMzWQUdwSUs=,r2DVGdpV4Ss+RZ3MPkNabsFtmKA=
-664,-25,C/qEKrMzfS7+wwadGMzWQUdwSUs=,r2DVGdpV4Ss+RZ3MPkNabsFtmKA=
-665,-25,C/qEKrMzfS7+wwadGMzWQUdwSUs=,r2DVGdpV4Ss+RZ3MPkNabsFtmKA=
-666,-25,C/qEKrMzfS7+wwadGMzWQUdwSUs=,r2DVGdpV4Ss+RZ3MPkNabsFtmKA=
-667,-25,C/qEKrMzfS7+wwadGMzWQUdwSUs=,r2DVGdpV4Ss+RZ3MPkNabsFtmKA=
-668,-25,C/qEKrMzfS7+wwadGMzWQUdwSUs=,r2DVGdpV4Ss+RZ3MPkNabsFtmKA=
-669,-25,C/qEKrMzfS7+wwadGMzWQUdwSUs=,r2DVGdpV4Ss+RZ3MPkNabsFtmKA=
-670,-25,C/qEKrMzfS7+wwadGMzWQUdwSUs=,r2DVGdpV4Ss+RZ3MPkNabsFtmKA=
-666,-31,C/qEKrMzfS7+wwadGMzWQUdwSUs=,r2DVGdpV4Ss+RZ3MPkNabsFtmKA=
-672,-25,C/qEKrMzfS7+wwadGMzWQUdwSUs=,r2DVGdpV4Ss+RZ3MPkNabsFtmKA=
-657,-26,C/qEKrMzfS7+wwadGMzWQUdwSUs=,r2DVGdpV4Ss+RZ3MPkNabsFtmKA=
-658,-26,C/qEKrMzfS7+wwadGMzWQUdwSUs=,r2DVGdpV4Ss+RZ3MPkNabsFtmKA=
-659,-26,C/qEKrMzfS7+wwadGMzWQUdwSUs=,r2DVGdpV4Ss+RZ3MPkNabsFtmKA=
-660,-26,C/qEKrMzfS7+wwadGMzWQUdwSUs=,r2DVGdpV4Ss+RZ3MPkNabsFtmKA=
-661,-26,C/qEKrMzfS7+wwadGMzWQUdwSUs=,r2DVGdpV4Ss+RZ3MPkNabsFtmKA=
-662,-26,C/qEKrMzfS7+wwadGMzWQUdwSUs=,r2DVGdpV4Ss+RZ3MPkNabsFtmKA=
-664,-32,C/qEKrMzfS7+wwadGMzWQUdwSUs=,r2DVGdpV4Ss+RZ3MPkNabsFtmKA=
-671,-29,C/qEKrMzfS7+wwadGMzWQUdwSUs=,r2DVGdpV4Ss+RZ3MPkNabsFtmKA=
-663,-26,C/qEKrMzfS7+wwadGMzWQUdwSUs=,r2DVGdpV4Ss+RZ3MPkNabsFtmKA=
-664,-26,C/qEKrMzfS7+wwadGMzWQUdwSUs=,r2DVGdpV4Ss+RZ3MPkNabsFtmKA=
-665,-26,C/qEKrMzfS7+wwadGMzWQUdwSUs=,r2DVGdpV4Ss+RZ3MPkNabsFtmKA=
-666,-26,C/qEKrMzfS7+wwadGMzWQUdwSUs=,r2DVGdpV4Ss+RZ3MPkNabsFtmKA=
-667,-26,C/qEKrMzfS7+wwadGMzWQUdwSUs=,r2DVGdpV4Ss+RZ3MPkNabsFtmKA=
-668,-26,C/qEKrMzfS7+wwadGMzWQUdwSUs=,r2DVGdpV4Ss+RZ3MPkNabsFtmKA=
-669,-26,C/qEKrMzfS7+wwadGMzWQUdwSUs=,r2DVGdpV4Ss+RZ3MPkNabsFtmKA=
-670,-26,C/qEKrMzfS7+wwadGMzWQUdwSUs=,r2DVGdpV4Ss+RZ3MPkNabsFtmKA=
-671,-26,C/qEKrMzfS7+wwadGMzWQUdwSUs=,r2DVGdpV4Ss+RZ3MPkNabsFtmKA=
-667,-31,C/qEKrMzfS7+wwadGMzWQUdwSUs=,r2DVGdpV4Ss+RZ3MPkNabsFtmKA=
-672,-26,C/qEKrMzfS7+wwadGMzWQUdwSUs=,r2DVGdpV4Ss+RZ3MPkNabsFtmKA=
-657,-27,C/qEKrMzfS7+wwadGMzWQUdwSUs=,r2DVGdpV4Ss+RZ3MPkNabsFtmKA=
-658,-27,C/qEKrMzfS7+wwadGMzWQUdwSUs=,r2DVGdpV4Ss+RZ3MPkNabsFtmKA=
-659,-27,C/qEKrMzfS7+wwadGMzWQUdwSUs=,r2DVGdpV4Ss+RZ3MPkNabsFtmKA=
-660,-27,C/qEKrMzfS7+wwadGMzWQUdwSUs=,r2DVGdpV4Ss+RZ3MPkNabsFtmKA=
-661,-27,C/qEKrMzfS7+wwadGMzWQUdwSUs=,r2DVGdpV4Ss+RZ3MPkNabsFtmKA=
-665,-32,C/qEKrMzfS7+wwadGMzWQUdwSUs=,r2DVGdpV4Ss+RZ3MPkNabsFtmKA=
-672,-29,C/qEKrMzfS7+wwadGMzWQUdwSUs=,r2DVGdpV4Ss+RZ3MPkNabsFtmKA=
-668,-31,C/qEKrMzfS7+wwadGMzWQUdwSUs=,r2DVGdpV4Ss+RZ3MPkNabsFtmKA=
-662,-27,C/qEKrMzfS7+wwadGMzWQUdwSUs=,r2DVGdpV4Ss+RZ3MPkNabsFtmKA=
-663,-27,C/qEKrMzfS7+wwadGMzWQUdwSUs=,r2DVGdpV4Ss+RZ3MPkNabsFtmKA=
-664,-27,C/qEKrMzfS7+wwadGMzWQUdwSUs=,r2DVGdpV4Ss+RZ3MPkNabsFtmKA=
-665,-27,C/qEKrMzfS7+wwadGMzWQUdwSUs=,r2DVGdpV4Ss+RZ3MPkNabsFtmKA=
-666,-27,C/qEKrMzfS7+wwadGMzWQUdwSUs=,r2DVGdpV4Ss+RZ3MPkNabsFtmKA=
-667,-27,C/qEKrMzfS7+wwadGMzWQUdwSUs=,r2DVGdpV4Ss+RZ3MPkNabsFtmKA=
-668,-27,C/qEKrMzfS7+wwadGMzWQUdwSUs=,r2DVGdpV4Ss+RZ3MPkNabsFtmKA=
-669,-27,C/qEKrMzfS7+wwadGMzWQUdwSUs=,r2DVGdpV4Ss+RZ3MPkNabsFtmKA=
-670,-27,C/qEKrMzfS7+wwadGMzWQUdwSUs=,r2DVGdpV4Ss+RZ3MPkNabsFtmKA=
-671,-27,C/qEKrMzfS7+wwadGMzWQUdwSUs=,r2DVGdpV4Ss+RZ3MPkNabsFtmKA=
-672,-27,C/qEKrMzfS7+wwadGMzWQUdwSUs=,r2DVGdpV4Ss+RZ3MPkNabsFtmKA=
-672,-32,C/qEKrMzfS7+wwadGMzWQUdwSUs=,r2DVGdpV4Ss+RZ3MPkNabsFtmKA=
-669,-31,C/qEKrMzfS7+wwadGMzWQUdwSUs=,r2DVGdpV4Ss+RZ3MPkNabsFtmKA=
-657,-28,C/qEKrMzfS7+wwadGMzWQUdwSUs=,r2DVGdpV4Ss+RZ3MPkNabsFtmKA=
-658,-28,C/qEKrMzfS7+wwadGMzWQUdwSUs=,r2DVGdpV4Ss+RZ3MPkNabsFtmKA=
-659,-28,C/qEKrMzfS7+wwadGMzWQUdwSUs=,r2DVGdpV4Ss+RZ3MPkNabsFtmKA=
-660,-28,C/qEKrMzfS7+wwadGMzWQUdwSUs=,r2DVGdpV4Ss+RZ3MPkNabsFtmKA=
-666,-32,C/qEKrMzfS7+wwadGMzWQUdwSUs=,r2DVGdpV4Ss+RZ3MPkNabsFtmKA=
-657,-30,C/qEKrMzfS7+wwadGMzWQUdwSUs=,r2DVGdpV4Ss+RZ3MPkNabsFtmKA=
-661,-28,C/qEKrMzfS7+wwadGMzWQUdwSUs=,r2DVGdpV4Ss+RZ3MPkNabsFtmKA=
-662,-28,C/qEKrMzfS7+wwadGMzWQUdwSUs=,r2DVGdpV4Ss+RZ3MPkNabsFtmKA=
-663,-28,C/qEKrMzfS7+wwadGMzWQUdwSUs=,r2DVGdpV4Ss+RZ3MPkNabsFtmKA=
-664,-28,C/qEKrMzfS7+wwadGMzWQUdwSUs=,r2DVGdpV4Ss+RZ3MPkNabsFtmKA=
-665,-28,C/qEKrMzfS7+wwadGMzWQUdwSUs=,r2DVGdpV4Ss+RZ3MPkNabsFtmKA=
-666,-28,C/qEKrMzfS7+wwadGMzWQUdwSUs=,r2DVGdpV4Ss+RZ3MPkNabsFtmKA=
-667,-28,C/qEKrMzfS7+wwadGMzWQUdwSUs=,r2DVGdpV4Ss+RZ3MPkNabsFtmKA=
-668,-28,C/qEKrMzfS7+wwadGMzWQUdwSUs=,r2DVGdpV4Ss+RZ3MPkNabsFtmKA=
-669,-28,C/qEKrMzfS7+wwadGMzWQUdwSUs=,r2DVGdpV4Ss+RZ3MPkNabsFtmKA=
-670,-28,C/qEKrMzfS7+wwadGMzWQUdwSUs=,r2DVGdpV4Ss+RZ3MPkNabsFtmKA=
-671,-28,C/qEKrMzfS7+wwadGMzWQUdwSUs=,r2DVGdpV4Ss+RZ3MPkNabsFtmKA=
-672,-28,C/qEKrMzfS7+wwadGMzWQUdwSUs=,r2DVGdpV4Ss+RZ3MPkNabsFtmKA=
-657,-29,C/qEKrMzfS7+wwadGMzWQUdwSUs=,r2DVGdpV4Ss+RZ3MPkNabsFtmKA=
-670,-31,C/qEKrMzfS7+wwadGMzWQUdwSUs=,r2DVGdpV4Ss+RZ3MPkNabsFtmKA=
-667,-32,C/qEKrMzfS7+wwadGMzWQUdwSUs=,r2DVGdpV4Ss+RZ3MPkNabsFtmKA=
-658,-29,C/qEKrMzfS7+wwadGMzWQUdwSUs=,r2DVGdpV4Ss+RZ3MPkNabsFtmKA=
-659,-29,C/qEKrMzfS7+wwadGMzWQUdwSUs=,r2DVGdpV4Ss+RZ3MPkNabsFtmKA=
-668,-32,C/qEKrMzfS7+wwadGMzWQUdwSUs=,r2DVGdpV4Ss+RZ3MPkNabsFtmKA=
-658,-30,C/qEKrMzfS7+wwadGMzWQUdwSUs=,r2DVGdpV4Ss+RZ3MPkNabsFtmKA=
-663,-32,C/qEKrMzfS7+wwadGMzWQUdwSUs=,r2DVGdpV4Ss+RZ3MPkNabsFtmKA=
-662,-32,C/qEKrMzfS7+wwadGMzWQUdwSUs=,r2DVGdpV4Ss+RZ3MPkNabsFtmKA=
-671,-25,C/qEKrMzfS7+wwadGMzWQUdwSUs=,r2DVGdpV4Ss+RZ3MPkNabsFtmKA=
