206,194,fE+3Tv44JRYMxAPgr7HVFWwkKaA=,gh1Ws/PDa7WyUsf4AGahx5/Ykks=
207,207,fE+3Tv44JRYMxAPgr7HVFWwkKaA=,gh1Ws/PDa7WyUsf4AGahx5/Ykks=
205,194,fE+3Tv44JRYMxAPgr7HVFWwkKaA=,gh1Ws/PDa7WyUsf4AGahx5/Ykks=
195,192,fE+3Tv44JRYMxAPgr7HVFWwkKaA=,gh1Ws/PDa7WyUsf4AGahx5/Ykks=
206,207,fE+3Tv44JRYMxAPgr7HVFWwkKaA=,gh1Ws/PDa7WyUsf4AGahx5/Ykks=
204,207,fE+3Tv44JRYMxAPgr7HVFWwkKaA=,gh1Ws/PDa7WyUsf4AGahx5/Ykks=
205,207,fE+3Tv44JRYMxAPgr7HVFWwkKaA=,gh1Ws/PDa7WyUsf4AGahx5/Ykks=
202,207,fE+3Tv44JRYMxAPgr7HVFWwkKaA=,gh1Ws/PDa7WyUsf4AGahx5/Ykks=
203,207,fE+3Tv44JRYMxAPgr7HVFWwkKaA=,gh1Ws/PDa7WyUsf4AGahx5/Ykks=
200,207,fE+3Tv44JRYMxAPgr7HVFWwkKaA=,gh1Ws/PDa7WyUsf4AGahx5/Ykks=
201,207,fE+3Tv44JRYMxAPgr7HVFWwkKaA=,gh1Ws/PDa7WyUsf4AGahx5/Ykks=
198,207,fE+3Tv44JRYMxAPgr7HVFWwkKaA=,gh1Ws/PDa7WyUsf4AGahx5/Ykks=
197,207,fE+3Tv44JRYMxAPgr7HVFWwkKaA=,gh1Ws/PDa7WyUsf4AGahx5/Ykks=
196,207,fE+3Tv44JRYMxAPgr7HVFWwkKaA=,gh1Ws/PDa7WyUsf4AGahx5/Ykks=
195,207,fE+3Tv44JRYMxAPgr7HVFWwkKaA=,gh1Ws/PDa7WyUsf4AGahx5/Ykks=
199,207,fE+3Tv44JRYMxAPgr7HVFWwkKaA=,gh1Ws/PDa7WyUsf4AGahx5/Ykks=
193,193,fE+3Tv44JRYMxAPgr7HVFWwkKaA=,gh1Ws/PDa7WyUsf4AGahx5/Ykks=
207,193,fE+3Tv44JRYMxAPgr7HVFWwkKaA=,gh1Ws/PDa7WyUsf4AGahx5/Ykks=
206,193,fE+3Tv44JRYMxAPgr7HVFWwkKaA=,gh1Ws/PDa7WyUsf4AGahx5/Ykks=
205,193,fE+3Tv44JRYMxAPgr7HVFWwkKaA=,gh1Ws/PDa7WyUsf4AGahx5/Ykks=
204,193,fE+3Tv44JRYMxAPgr7HVFWwkKaA=,gh1Ws/PDa7WyUsf4AGahx5/Ykks=
203,193,fE+3Tv44JRYMxAPgr7HVFWwkKaA=,gh1Ws/PDa7WyUsf4AGahx5/Ykks=
202,193,fE+3Tv44JRYMxAPgr7HVFWwkKaA=,gh1Ws/PDa7WyUsf4AGahx5/Ykks=
194,207,fE+3Tv44JRYMxAPgr7HVFWwkKaA=,gh1Ws/PDa7WyUsf4AGahx5/Ykks=
201,193,fE+3Tv44JRYMxAPgr7HVFWwkKaA=,gh1Ws/PDa7WyUsf4AGahx5/Ykks=
200,193,fE+3Tv44JRYMxAPgr7HVFWwkKaA=,gh1Ws/PDa7WyUsf4AGahx5/Ykks=
198,193,fE+3Tv44JRYMxAPgr7HVFWwkKaA=,gh1Ws/PDa7WyUsf4AGahx5/Ykks=
196,193,fE+3Tv44JRYMxAPgr7HVFWwkKaA=,gh1Ws/PDa7WyUsf4AGahx5/Ykks=
192,207,fE+3Tv44JRYMxAPgr7HVFWwkKaA=,gh1Ws/PDa7WyUsf4AGahx5/Ykks=
195,193,fE+3Tv44JRYMxAPgr7HVFWwkKaA=,gh1Ws/PDa7WyUsf4AGahx5/Ykks=
194,193,fE+3Tv44JRYMxAPgr7HVFWwkKaA=,gh1Ws/PDa7WyUsf4AGahx5/Ykks=
199,193,fE+3Tv44JRYMxAPgr7HVFWwkKaA=,gh1Ws/PDa7WyUsf4AGahx5/Ykks=
207,206,fE+3Tv44JRYMxAPgr7HVFWwkKaA=,gh1Ws/PDa7WyUsf4AGahx5/Ykks=
204,194,fE+3Tv44JRYMxAPgr7HVFWwkKaA=,gh1Ws/PDa7WyUsf4AGahx5/Ykks=
194,192,fE+3Tv44JRYMxAPgr7HVFWwkKaA=,gh1Ws/PDa7WyUsf4AGahx5/Ykks=
205,206,fE+3Tv44JRYMxAPgr7HVFWwkKaA=,gh1Ws/PDa7WyUsf4AGahx5/Ykks=
203,206,fE+3Tv44JRYMxAPgr7HVFWwkKaA=,gh1Ws/PDa7WyUsf4AGahx5/Ykks=
202,206,fE+3Tv44JRYMxAPgr7HVFWwkKaA=,gh1Ws/PDa7WyUsf4AGahx5/Ykks=
201,206,fE+3Tv44JRYMxAPgr7HVFWwkKaA=,gh1Ws/PDa7WyUsf4AGahx5/Ykks=
200,206,fE+3Tv44JRYMxAPgr7HVFWwkKaA=,gh1Ws/PDa7WyUsf4AGahx5/Ykks=
199,206,fE+3Tv44JRYMxAPgr7HVFWwkKaA=,gh1Ws/PDa7WyUsf4AGahx5/Ykks=
198,206,fE+3Tv44JRYMxAPgr7HVFWwkKaA=,gh1Ws/PDa7WyUsf4AGahx5/Ykks=
197,206,fE+3Tv44JRYMxAPgr7HVFWwkKaA=,gh1Ws/PDa7WyUsf4AGahx5/Ykks=
196,206,fE+3Tv44JRYMxAPgr7HVFWwkKaA=,gh1Ws/PDa7WyUsf4AGahx5/Ykks=
195,206,fE+3Tv44JRYMxAPgr7HVFWwkKaA=,gh1Ws/PDa7WyUsf4AGahx5/Ykks=
204,206,fE+3Tv44JRYMxAPgr7HVFWwkKaA=,gh1Ws/PDa7WyUsf4AGahx5/Ykks=
193,206,fE+3Tv44JRYMxAPgr7HVFWwkKaA=,gh1Ws/PDa7WyUsf4AGahx5/Ykks=
206,205,fE+3Tv44JRYMxAPgr7HVFWwkKaA=,gh1Ws/PDa7WyUsf4AGahx5/Ykks=
192,193,fE+3Tv44JRYMxAPgr7HVFWwkKaA=,gh1Ws/PDa7WyUsf4AGahx5/Ykks=
205,205,fE+3Tv44JRYMxAPgr7HVFWwkKaA=,gh1Ws/PDa7WyUsf4AGahx5/Ykks=
207,205,fE+3Tv44JRYMxAPgr7HVFWwkKaA=,gh1Ws/PDa7WyUsf4AGahx5/Ykks=
203,194,fE+3Tv44JRYMxAPgr7HVFWwkKaA=,gh1Ws/PDa7WyUsf4AGahx5/Ykks=
204,205,fE+3Tv44JRYMxAPgr7HVFWwkKaA=,gh1Ws/PDa7WyUsf4AGahx5/Ykks=
202,205,fE+3Tv44JRYMxAPgr7HVFWwkKaA=,gh1Ws/PDa7WyUsf4AGahx5/Ykks=
201,205,fE+3Tv44JRYMxAPgr7HVFWwkKaA=,gh1Ws/PDa7WyUsf4AGahx5/Ykks=
200,205,fE+3Tv44JRYMxAPgr7HVFWwkKaA=,gh1Ws/PDa7WyUsf4AGahx5/Ykks=
199,205,fE+3Tv44JRYMxAPgr7HVFWwkKaA=,gh1Ws/PDa7WyUsf4AGahx5/Ykks=
198,205,fE+3Tv44JRYMxAPgr7HVFWwkKaA=,gh1Ws/PDa7WyUsf4AGahx5/Ykks=
197,205,fE+3Tv44JRYMxAPgr7HVFWwkKaA=,gh1Ws/PDa7WyUsf4AGahx5/Ykks=
196,205,fE+3Tv44JRYMxAPgr7HVFWwkKaA=,gh1Ws/PDa7WyUsf4AGahx5/Ykks=
195,205,fE+3Tv44JRYMxAPgr7HVFWwkKaA=,gh1Ws/PDa7WyUsf4AGahx5/Ykks=
194,205,fE+3Tv44JRYMxAPgr7HVFWwkKaA=,gh1Ws/PDa7WyUsf4AGahx5/Ykks=
193,205,fE+3Tv44JRYMxAPgr7HVFWwkKaA=,gh1Ws/PDa7WyUsf4AGahx5/Ykks=
193,192,fE+3Tv44JRYMxAPgr7HVFWwkKaA=,gh1Ws/PDa7WyUsf4AGahx5/Ykks=
192,205,fE+3Tv44JRYMxAPgr7HVFWwkKaA=,gh1Ws/PDa7WyUsf4AGahx5/Ykks=
193,207,fE+3Tv44JRYMxAPgr7HVFWwkKaA=,gh1Ws/PDa7WyUsf4AGahx5/Ykks=
205,204,fE+3Tv44JRYMxAPgr7HVFWwkKaA=,gh1Ws/PDa7WyUsf4AGahx5/Ykks=
207,204,fE+3Tv44JRYMxAPgr7HVFWwkKaA=,gh1Ws/PDa7WyUsf4AGahx5/Ykks=
206,192,fE+3Tv44JRYMxAPgr7HVFWwkKaA=,gh1Ws/PDa7WyUsf4AGahx5/Ykks=
202,194,fE+3Tv44JRYMxAPgr7HVFWwkKaA=,gh1Ws/PDa7WyUsf4AGahx5/Ykks=
203,204,fE+3Tv44JRYMxAPgr7HVFWwkKaA=,gh1Ws/PDa7WyUsf4AGahx5/Ykks=
202,204,fE+3Tv44JRYMxAPgr7HVFWwkKaA=,gh1Ws/PDa7WyUsf4AGahx5/Ykks=
206,206,fE+3Tv44JRYMxAPgr7HVFWwkKaA=,gh1Ws/PDa7WyUsf4AGahx5/Ykks=
197,193,fE+3Tv44JRYMxAPgr7HVFWwkKaA=,gh1Ws/PDa7WyUsf4AGahx5/Ykks=
200,204,fE+3Tv44JRYMxAPgr7HVFWwkKaA=,gh1Ws/PDa7WyUsf4AGahx5/Ykks=
198,204,fE+3Tv44JRYMxAPgr7HVFWwkKaA=,gh1Ws/PDa7WyUsf4AGahx5/Ykks=
199,204,fE+3Tv44JRYMxAPgr7HVFWwkKaA=,gh1Ws/PDa7WyUsf4AGahx5/Ykks=
196,204,fE+3Tv44JRYMxAPgr7HVFWwkKaA=,gh1Ws/PDa7WyUsf4AGahx5/Ykks=
194,206,fE+3Tv44JRYMxAPgr7HVFWwkKaA=,gh1Ws/PDa7WyUsf4AGahx5/Ykks=
194,204,fE+3Tv44JRYMxAPgr7HVFWwkKaA=,gh1Ws/PDa7WyUsf4AGahx5/Ykks=
192,206,fE+3Tv44JRYMxAPgr7HVFWwkKaA=,gh1Ws/PDa7WyUsf4AGahx5/Ykks=
203,205,fE+3Tv44JRYMxAPgr7HVFWwkKaA=,gh1Ws/PDa7WyUsf4AGahx5/Ykks=
192,204,fE+3Tv44JRYMxAPgr7HVFWwkKaA=,gh1Ws/PDa7WyUsf4AGahx5/Ykks=
207,203,fE+3Tv44JRYMxAPgr7HVFWwkKaA=,gh1Ws/PDa7WyUsf4AGahx5/Ykks=
206,203,fE+3Tv44JRYMxAPgr7HVFWwkKaA=,gh1Ws/PDa7WyUsf4AGahx5/Ykks=
206,204,fE+3Tv44JRYMxAPgr7HVFWwkKaA=,gh1Ws/PDa7WyUsf4AGahx5/Ykks=
205,192,fE+3Tv44JRYMxAPgr7HVFWwkKaA=,gh1Ws/PDa7WyUsf4AGahx5/Ykks=
207,192,fE+3Tv44JRYMxAPgr7HVFWwkKaA=,gh1Ws/PDa7WyUsf4AGahx5/Ykks=
201,194,fE+3Tv44JRYMxAPgr7HVFWwkKaA=,gh1Ws/PDa7WyUsf4AGahx5/Ykks=
203,203,fE+3Tv44JRYMxAPgr7HVFWwkKaA=,gh1Ws/PDa7WyUsf4AGahx5/Ykks=
204,204,fE+3Tv44JRYMxAPgr7HVFWwkKaA=,gh1Ws/PDa7WyUsf4AGahx5/Ykks=
200,203,fE+3Tv44JRYMxAPgr7HVFWwkKaA=,gh1Ws/PDa7WyUsf4AGahx5/Ykks=
201,204,fE+3Tv44JRYMxAPgr7HVFWwkKaA=,gh1Ws/PDa7WyUsf4AGahx5/Ykks=
199,203,fE+3Tv44JRYMxAPgr7HVFWwkKaA=,gh1Ws/PDa7WyUsf4AGahx5/Ykks=
197,203,fE+3Tv44JRYMxAPgr7HVFWwkKaA=,gh1Ws/PDa7WyUsf4AGahx5/Ykks=
196,203,fE+3Tv44JRYMxAPgr7HVFWwkKaA=,gh1Ws/PDa7WyUsf4AGahx5/Ykks=
198,203,fE+3Tv44JRYMxAPgr7HVFWwkKaA=,gh1Ws/PDa7WyUsf4AGahx5/Ykks=
197,204,fE+3Tv44JRYMxAPgr7HVFWwkKaA=,gh1Ws/PDa7WyUsf4AGahx5/Ykks=
195,204,fE+3Tv44JRYMxAPgr7HVFWwkKaA=,gh1Ws/PDa7WyUsf4AGahx5/Ykks=
193,203,fE+3Tv44JRYMxAPgr7HVFWwkKaA=,gh1Ws/PDa7WyUsf4AGahx5/Ykks=
192,203,fE+3Tv44JRYMxAPgr7HVFWwkKaA=,gh1Ws/PDa7WyUsf4AGahx5/Ykks=
207,202,fE+3Tv44JRYMxAPgr7HVFWwkKaA=,gh1Ws/PDa7WyUsf4AGahx5/Ykks=
206,202,fE+3Tv44JRYMxAPgr7HVFWwkKaA=,gh1Ws/PDa7WyUsf4AGahx5/Ykks=
204,203,fE+3Tv44JRYMxAPgr7HVFWwkKaA=,gh1Ws/PDa7WyUsf4AGahx5/Ykks=
205,203,fE+3Tv44JRYMxAPgr7HVFWwkKaA=,gh1Ws/PDa7WyUsf4AGahx5/Ykks=
204,192,fE+3Tv44JRYMxAPgr7HVFWwkKaA=,gh1Ws/PDa7WyUsf4AGahx5/Ykks=
202,202,fE+3Tv44JRYMxAPgr7HVFWwkKaA=,gh1Ws/PDa7WyUsf4AGahx5/Ykks=
203,202,fE+3Tv44JRYMxAPgr7HVFWwkKaA=,gh1Ws/PDa7WyUsf4AGahx5/Ykks=
201,203,fE+3Tv44JRYMxAPgr7HVFWwkKaA=,gh1Ws/PDa7WyUsf4AGahx5/Ykks=
202,203,fE+3Tv44JRYMxAPgr7HVFWwkKaA=,gh1Ws/PDa7WyUsf4AGahx5/Ykks=
199,202,fE+3Tv44JRYMxAPgr7HVFWwkKaA=,gh1Ws/PDa7WyUsf4AGahx5/Ykks=
198,202,fE+3Tv44JRYMxAPgr7HVFWwkKaA=,gh1Ws/PDa7WyUsf4AGahx5/Ykks=
197,202,fE+3Tv44JRYMxAPgr7HVFWwkKaA=,gh1Ws/PDa7WyUsf4AGahx5/Ykks=
195,203,fE+3Tv44JRYMxAPgr7HVFWwkKaA=,gh1Ws/PDa7WyUsf4AGahx5/Ykks=
195,202,fE+3Tv44JRYMxAPgr7HVFWwkKaA=,gh1Ws/PDa7WyUsf4AGahx5/Ykks=
201,202,fE+3Tv44JRYMxAPgr7HVFWwkKaA=,gh1Ws/PDa7WyUsf4AGahx5/Ykks=
194,203,fE+3Tv44JRYMxAPgr7HVFWwkKaA=,gh1Ws/PDa7WyUsf4AGahx5/Ykks=
193,204,fE+3Tv44JRYMxAPgr7HVFWwkKaA=,gh1Ws/PDa7WyUsf4AGahx5/Ykks=
207,201,fE+3Tv44JRYMxAPgr7HVFWwkKaA=,gh1Ws/PDa7WyUsf4AGahx5/Ykks=
206,201,fE+3Tv44JRYMxAPgr7HVFWwkKaA=,gh1Ws/PDa7WyUsf4AGahx5/Ykks=
205,201,fE+3Tv44JRYMxAPgr7HVFWwkKaA=,gh1Ws/PDa7WyUsf4AGahx5/Ykks=
204,201,fE+3Tv44JRYMxAPgr7HVFWwkKaA=,gh1Ws/PDa7WyUsf4AGahx5/Ykks=
203,201,fE+3Tv44JRYMxAPgr7HVFWwkKaA=,gh1Ws/PDa7WyUsf4AGahx5/Ykks=
205,202,fE+3Tv44JRYMxAPgr7HVFWwkKaA=,gh1Ws/PDa7WyUsf4AGahx5/Ykks=
201,201,fE+3Tv44JRYMxAPgr7HVFWwkKaA=,gh1Ws/PDa7WyUsf4AGahx5/Ykks=
203,192,fE+3Tv44JRYMxAPgr7HVFWwkKaA=,gh1Ws/PDa7WyUsf4AGahx5/Ykks=
199,194,fE+3Tv44JRYMxAPgr7HVFWwkKaA=,gh1Ws/PDa7WyUsf4AGahx5/Ykks=
200,201,fE+3Tv44JRYMxAPgr7HVFWwkKaA=,gh1Ws/PDa7WyUsf4AGahx5/Ykks=
199,201,fE+3Tv44JRYMxAPgr7HVFWwkKaA=,gh1Ws/PDa7WyUsf4AGahx5/Ykks=
198,201,fE+3Tv44JRYMxAPgr7HVFWwkKaA=,gh1Ws/PDa7WyUsf4AGahx5/Ykks=
197,201,fE+3Tv44JRYMxAPgr7HVFWwkKaA=,gh1Ws/PDa7WyUsf4AGahx5/Ykks=
200,194,fE+3Tv44JRYMxAPgr7HVFWwkKaA=,gh1Ws/PDa7WyUsf4AGahx5/Ykks=
204,202,fE+3Tv44JRYMxAPgr7HVFWwkKaA=,gh1Ws/PDa7WyUsf4AGahx5/Ykks=
195,201,fE+3Tv44JRYMxAPgr7HVFWwkKaA=,gh1Ws/PDa7WyUsf4AGahx5/Ykks=
193,201,fE+3Tv44JRYMxAPgr7HVFWwkKaA=,gh1Ws/PDa7WyUsf4AGahx5/Ykks=
192,201,fE+3Tv44JRYMxAPgr7HVFWwkKaA=,gh1Ws/PDa7WyUsf4AGahx5/Ykks=
207,200,fE+3Tv44JRYMxAPgr7HVFWwkKaA=,gh1Ws/PDa7WyUsf4AGahx5/Ykks=
206,200,fE+3Tv44JRYMxAPgr7HVFWwkKaA=,gh1Ws/PDa7WyUsf4AGahx5/Ykks=
205,200,fE+3Tv44JRYMxAPgr7HVFWwkKaA=,gh1Ws/PDa7WyUsf4AGahx5/Ykks=
204,200,fE+3Tv44JRYMxAPgr7HVFWwkKaA=,gh1Ws/PDa7WyUsf4AGahx5/Ykks=
194,201,fE+3Tv44JRYMxAPgr7HVFWwkKaA=,gh1Ws/PDa7WyUsf4AGahx5/Ykks=
203,200,fE+3Tv44JRYMxAPgr7HVFWwkKaA=,gh1Ws/PDa7WyUsf4AGahx5/Ykks=
201,200,fE+3Tv44JRYMxAPgr7HVFWwkKaA=,gh1Ws/PDa7WyUsf4AGahx5/Ykks=
200,200,fE+3Tv44JRYMxAPgr7HVFWwkKaA=,gh1Ws/PDa7WyUsf4AGahx5/Ykks=
202,192,fE+3Tv44JRYMxAPgr7HVFWwkKaA=,gh1Ws/PDa7WyUsf4AGahx5/Ykks=
196,202,fE+3Tv44JRYMxAPgr7HVFWwkKaA=,gh1Ws/PDa7WyUsf4AGahx5/Ykks=
199,200,fE+3Tv44JRYMxAPgr7HVFWwkKaA=,gh1Ws/PDa7WyUsf4AGahx5/Ykks=
198,200,fE+3Tv44JRYMxAPgr7HVFWwkKaA=,gh1Ws/PDa7WyUsf4AGahx5/Ykks=
197,200,fE+3Tv44JRYMxAPgr7HVFWwkKaA=,gh1Ws/PDa7WyUsf4AGahx5/Ykks=
200,202,fE+3Tv44JRYMxAPgr7HVFWwkKaA=,gh1Ws/PDa7WyUsf4AGahx5/Ykks=
196,200,fE+3Tv44JRYMxAPgr7HVFWwkKaA=,gh1Ws/PDa7WyUsf4AGahx5/Ykks=
194,202,fE+3Tv44JRYMxAPgr7HVFWwkKaA=,gh1Ws/PDa7WyUsf4AGahx5/Ykks=
193,202,fE+3Tv44JRYMxAPgr7HVFWwkKaA=,gh1Ws/PDa7WyUsf4AGahx5/Ykks=
192,200,fE+3Tv44JRYMxAPgr7HVFWwkKaA=,gh1Ws/PDa7WyUsf4AGahx5/Ykks=
207,199,fE+3Tv44JRYMxAPgr7HVFWwkKaA=,gh1Ws/PDa7WyUsf4AGahx5/Ykks=
206,199,fE+3Tv44JRYMxAPgr7HVFWwkKaA=,gh1Ws/PDa7WyUsf4AGahx5/Ykks=
205,199,fE+3Tv44JRYMxAPgr7HVFWwkKaA=,gh1Ws/PDa7WyUsf4AGahx5/Ykks=
202,201,fE+3Tv44JRYMxAPgr7HVFWwkKaA=,gh1Ws/PDa7WyUsf4AGahx5/Ykks=
203,199,fE+3Tv44JRYMxAPgr7HVFWwkKaA=,gh1Ws/PDa7WyUsf4AGahx5/Ykks=
202,199,fE+3Tv44JRYMxAPgr7HVFWwkKaA=,gh1Ws/PDa7WyUsf4AGahx5/Ykks=
192,202,fE+3Tv44JRYMxAPgr7HVFWwkKaA=,gh1Ws/PDa7WyUsf4AGahx5/Ykks=
200,199,fE+3Tv44JRYMxAPgr7HVFWwkKaA=,gh1Ws/PDa7WyUsf4AGahx5/Ykks=
202,200,fE+3Tv44JRYMxAPgr7HVFWwkKaA=,gh1Ws/PDa7WyUsf4AGahx5/Ykks=
199,199,fE+3Tv44JRYMxAPgr7HVFWwkKaA=,gh1Ws/PDa7WyUsf4AGahx5/Ykks=
197,194,fE+3Tv44JRYMxAPgr7HVFWwkKaA=,gh1Ws/PDa7WyUsf4AGahx5/Ykks=
198,199,fE+3Tv44JRYMxAPgr7HVFWwkKaA=,gh1Ws/PDa7WyUsf4AGahx5/Ykks=
197,199,fE+3Tv44JRYMxAPgr7HVFWwkKaA=,gh1Ws/PDa7WyUsf4AGahx5/Ykks=
196,199,fE+3Tv44JRYMxAPgr7HVFWwkKaA=,gh1Ws/PDa7WyUsf4AGahx5/Ykks=
198,194,fE+3Tv44JRYMxAPgr7HVFWwkKaA=,gh1Ws/PDa7WyUsf4AGahx5/Ykks=
194,199,fE+3Tv44JRYMxAPgr7HVFWwkKaA=,gh1Ws/PDa7WyUsf4AGahx5/Ykks=
193,199,fE+3Tv44JRYMxAPgr7HVFWwkKaA=,gh1Ws/PDa7WyUsf4AGahx5/Ykks=
192,199,fE+3Tv44JRYMxAPgr7HVFWwkKaA=,gh1Ws/PDa7WyUsf4AGahx5/Ykks=
207,198,fE+3Tv44JRYMxAPgr7HVFWwkKaA=,gh1Ws/PDa7WyUsf4AGahx5/Ykks=
206,198,fE+3Tv44JRYMxAPgr7HVFWwkKaA=,gh1Ws/PDa7WyUsf4AGahx5/Ykks=
205,198,fE+3Tv44JRYMxAPgr7HVFWwkKaA=,gh1Ws/PDa7WyUsf4AGahx5/Ykks=
195,200,fE+3Tv44JRYMxAPgr7HVFWwkKaA=,gh1Ws/PDa7WyUsf4AGahx5/Ykks=
203,198,fE+3Tv44JRYMxAPgr7HVFWwkKaA=,gh1Ws/PDa7WyUsf4AGahx5/Ykks=
194,200,fE+3Tv44JRYMxAPgr7HVFWwkKaA=,gh1Ws/PDa7WyUsf4AGahx5/Ykks=
201,198,fE+3Tv44JRYMxAPgr7HVFWwkKaA=,gh1Ws/PDa7WyUsf4AGahx5/Ykks=
200,198,fE+3Tv44JRYMxAPgr7HVFWwkKaA=,gh1Ws/PDa7WyUsf4AGahx5/Ykks=
199,198,fE+3Tv44JRYMxAPgr7HVFWwkKaA=,gh1Ws/PDa7WyUsf4AGahx5/Ykks=
193,200,fE+3Tv44JRYMxAPgr7HVFWwkKaA=,gh1Ws/PDa7WyUsf4AGahx5/Ykks=
200,192,fE+3Tv44JRYMxAPgr7HVFWwkKaA=,gh1Ws/PDa7WyUsf4AGahx5/Ykks=
196,194,fE+3Tv44JRYMxAPgr7HVFWwkKaA=,gh1Ws/PDa7WyUsf4AGahx5/Ykks=
197,198,fE+3Tv44JRYMxAPgr7HVFWwkKaA=,gh1Ws/PDa7WyUsf4AGahx5/Ykks=
196,198,fE+3Tv44JRYMxAPgr7HVFWwkKaA=,gh1Ws/PDa7WyUsf4AGahx5/Ykks=
204,199,fE+3Tv44JRYMxAPgr7HVFWwkKaA=,gh1Ws/PDa7WyUsf4AGahx5/Ykks=
194,198,fE+3Tv44JRYMxAPgr7HVFWwkKaA=,gh1Ws/PDa7WyUsf4AGahx5/Ykks=
193,198,fE+3Tv44JRYMxAPgr7HVFWwkKaA=,gh1Ws/PDa7WyUsf4AGahx5/Ykks=
201,199,fE+3Tv44JRYMxAPgr7HVFWwkKaA=,gh1Ws/PDa7WyUsf4AGahx5/Ykks=
207,197,fE+3Tv44JRYMxAPgr7HVFWwkKaA=,gh1Ws/PDa7WyUsf4AGahx5/Ykks=
206,197,fE+3Tv44JRYMxAPgr7HVFWwkKaA=,gh1Ws/PDa7WyUsf4AGahx5/Ykks=
205,197,fE+3Tv44JRYMxAPgr7HVFWwkKaA=,gh1Ws/PDa7WyUsf4AGahx5/Ykks=
201,192,fE+3Tv44JRYMxAPgr7HVFWwkKaA=,gh1Ws/PDa7WyUsf4AGahx5/Ykks=
204,198,fE+3Tv44JRYMxAPgr7HVFWwkKaA=,gh1Ws/PDa7WyUsf4AGahx5/Ykks=
202,198,fE+3Tv44JRYMxAPgr7HVFWwkKaA=,gh1Ws/PDa7WyUsf4AGahx5/Ykks=
201,197,fE+3Tv44JRYMxAPgr7HVFWwkKaA=,gh1Ws/PDa7WyUsf4AGahx5/Ykks=
200,197,fE+3Tv44JRYMxAPgr7HVFWwkKaA=,gh1Ws/PDa7WyUsf4AGahx5/Ykks=
196,201,fE+3Tv44JRYMxAPgr7HVFWwkKaA=,gh1Ws/PDa7WyUsf4AGahx5/Ykks=
195,199,fE+3Tv44JRYMxAPgr7HVFWwkKaA=,gh1Ws/PDa7WyUsf4AGahx5/Ykks=
197,197,fE+3Tv44JRYMxAPgr7HVFWwkKaA=,gh1Ws/PDa7WyUsf4AGahx5/Ykks=
199,192,fE+3Tv44JRYMxAPgr7HVFWwkKaA=,gh1Ws/PDa7WyUsf4AGahx5/Ykks=
195,194,fE+3Tv44JRYMxAPgr7HVFWwkKaA=,gh1Ws/PDa7WyUsf4AGahx5/Ykks=
196,197,fE+3Tv44JRYMxAPgr7HVFWwkKaA=,gh1Ws/PDa7WyUsf4AGahx5/Ykks=
195,197,fE+3Tv44JRYMxAPgr7HVFWwkKaA=,gh1Ws/PDa7WyUsf4AGahx5/Ykks=
194,197,fE+3Tv44JRYMxAPgr7HVFWwkKaA=,gh1Ws/PDa7WyUsf4AGahx5/Ykks=
193,197,fE+3Tv44JRYMxAPgr7HVFWwkKaA=,gh1Ws/PDa7WyUsf4AGahx5/Ykks=
192,197,fE+3Tv44JRYMxAPgr7HVFWwkKaA=,gh1Ws/PDa7WyUsf4AGahx5/Ykks=
198,198,fE+3Tv44JRYMxAPgr7HVFWwkKaA=,gh1Ws/PDa7WyUsf4AGahx5/Ykks=
207,196,fE+3Tv44JRYMxAPgr7HVFWwkKaA=,gh1Ws/PDa7WyUsf4AGahx5/Ykks=
206,196,fE+3Tv44JRYMxAPgr7HVFWwkKaA=,gh1Ws/PDa7WyUsf4AGahx5/Ykks=
205,196,fE+3Tv44JRYMxAPgr7HVFWwkKaA=,gh1Ws/PDa7WyUsf4AGahx5/Ykks=
195,198,fE+3Tv44JRYMxAPgr7HVFWwkKaA=,gh1Ws/PDa7WyUsf4AGahx5/Ykks=
203,196,fE+3Tv44JRYMxAPgr7HVFWwkKaA=,gh1Ws/PDa7WyUsf4AGahx5/Ykks=
192,198,fE+3Tv44JRYMxAPgr7HVFWwkKaA=,gh1Ws/PDa7WyUsf4AGahx5/Ykks=
204,197,fE+3Tv44JRYMxAPgr7HVFWwkKaA=,gh1Ws/PDa7WyUsf4AGahx5/Ykks=
200,196,fE+3Tv44JRYMxAPgr7HVFWwkKaA=,gh1Ws/PDa7WyUsf4AGahx5/Ykks=
199,196,fE+3Tv44JRYMxAPgr7HVFWwkKaA=,gh1Ws/PDa7WyUsf4AGahx5/Ykks=
203,197,fE+3Tv44JRYMxAPgr7HVFWwkKaA=,gh1Ws/PDa7WyUsf4AGahx5/Ykks=
197,196,fE+3Tv44JRYMxAPgr7HVFWwkKaA=,gh1Ws/PDa7WyUsf4AGahx5/Ykks=
197,192,fE+3Tv44JRYMxAPgr7HVFWwkKaA=,gh1Ws/PDa7WyUsf4AGahx5/Ykks=
192,192,fE+3Tv44JRYMxAPgr7HVFWwkKaA=,gh1Ws/PDa7WyUsf4AGahx5/Ykks=
202,197,fE+3Tv44JRYMxAPgr7HVFWwkKaA=,gh1Ws/PDa7WyUsf4AGahx5/Ykks=
194,194,fE+3Tv44JRYMxAPgr7HVFWwkKaA=,gh1Ws/PDa7WyUsf4AGahx5/Ykks=
199,197,fE+3Tv44JRYMxAPgr7HVFWwkKaA=,gh1Ws/PDa7WyUsf4AGahx5/Ykks=
194,196,fE+3Tv44JRYMxAPgr7HVFWwkKaA=,gh1Ws/PDa7WyUsf4AGahx5/Ykks=
193,196,fE+3Tv44JRYMxAPgr7HVFWwkKaA=,gh1Ws/PDa7WyUsf4AGahx5/Ykks=
192,196,fE+3Tv44JRYMxAPgr7HVFWwkKaA=,gh1Ws/PDa7WyUsf4AGahx5/Ykks=
193,194,fE+3Tv44JRYMxAPgr7HVFWwkKaA=,gh1Ws/PDa7WyUsf4AGahx5/Ykks=
207,195,fE+3Tv44JRYMxAPgr7HVFWwkKaA=,gh1Ws/PDa7WyUsf4AGahx5/Ykks=
206,195,fE+3Tv44JRYMxAPgr7HVFWwkKaA=,gh1Ws/PDa7WyUsf4AGahx5/Ykks=
198,197,fE+3Tv44JRYMxAPgr7HVFWwkKaA=,gh1Ws/PDa7WyUsf4AGahx5/Ykks=
198,192,fE+3Tv44JRYMxAPgr7HVFWwkKaA=,gh1Ws/PDa7WyUsf4AGahx5/Ykks=
204,195,fE+3Tv44JRYMxAPgr7HVFWwkKaA=,gh1Ws/PDa7WyUsf4AGahx5/Ykks=
202,195,fE+3Tv44JRYMxAPgr7HVFWwkKaA=,gh1Ws/PDa7WyUsf4AGahx5/Ykks=
203,195,fE+3Tv44JRYMxAPgr7HVFWwkKaA=,gh1Ws/PDa7WyUsf4AGahx5/Ykks=
204,196,fE+3Tv44JRYMxAPgr7HVFWwkKaA=,gh1Ws/PDa7WyUsf4AGahx5/Ykks=
199,195,fE+3Tv44JRYMxAPgr7HVFWwkKaA=,gh1Ws/PDa7WyUsf4AGahx5/Ykks=
202,196,fE+3Tv44JRYMxAPgr7HVFWwkKaA=,gh1Ws/PDa7WyUsf4AGahx5/Ykks=
197,195,fE+3Tv44JRYMxAPgr7HVFWwkKaA=,gh1Ws/PDa7WyUsf4AGahx5/Ykks=
196,192,fE+3Tv44JRYMxAPgr7HVFWwkKaA=,gh1Ws/PDa7WyUsf4AGahx5/Ykks=
198,195,fE+3Tv44JRYMxAPgr7HVFWwkKaA=,gh1Ws/PDa7WyUsf4AGahx5/Ykks=
196,196,fE+3Tv44JRYMxAPgr7HVFWwkKaA=,gh1Ws/PDa7WyUsf4AGahx5/Ykks=
194,195,fE+3Tv44JRYMxAPgr7HVFWwkKaA=,gh1Ws/PDa7WyUsf4AGahx5/Ykks=
193,195,fE+3Tv44JRYMxAPgr7HVFWwkKaA=,gh1Ws/PDa7WyUsf4AGahx5/Ykks=
192,195,fE+3Tv44JRYMxAPgr7HVFWwkKaA=,gh1Ws/PDa7WyUsf4AGahx5/Ykks=
207,194,fE+3Tv44JRYMxAPgr7HVFWwkKaA=,gh1Ws/PDa7WyUsf4AGahx5/Ykks=
201,196,fE+3Tv44JRYMxAPgr7HVFWwkKaA=,gh1Ws/PDa7WyUsf4AGahx5/Ykks=
201,195,fE+3Tv44JRYMxAPgr7HVFWwkKaA=,gh1Ws/PDa7WyUsf4AGahx5/Ykks=
196,195,fE+3Tv44JRYMxAPgr7HVFWwkKaA=,gh1Ws/PDa7WyUsf4AGahx5/Ykks=
200,195,fE+3Tv44JRYMxAPgr7HVFWwkKaA=,gh1Ws/PDa7WyUsf4AGahx5/Ykks=
198,196,fE+3Tv44JRYMxAPgr7HVFWwkKaA=,gh1Ws/PDa7WyUsf4AGahx5/Ykks=
205,195,fE+3Tv44JRYMxAPgr7HVFWwkKaA=,gh1Ws/PDa7WyUsf4AGahx5/Ykks=
195,196,fE+3Tv44JRYMxAPgr7HVFWwkKaA=,gh1Ws/PDa7WyUsf4AGahx5/Ykks=
192,194,fE+3Tv44JRYMxAPgr7HVFWwkKaA=,gh1Ws/PDa7WyUsf4AGahx5/Ykks=
195,195,fE+3Tv44JRYMxAPgr7HVFWwkKaA=,gh1Ws/PDa7WyUsf4AGahx5/Ykks=
207,223,rXuoJugDngHQCCVj451MhMdltho=,obN+UvPc8IIJg48keHThZZfYpOU=
195,208,rXuoJugDngHQCCVj451MhMdltho=,obN+UvPc8IIJg48keHThZZfYpOU=
205,223,rXuoJugDngHQCCVj451MhMdltho=,obN+UvPc8IIJg48keHThZZfYpOU=
204,223,rXuoJugDngHQCCVj451MhMdltho=,obN+UvPc8IIJg48keHThZZfYpOU=
203,223,rXuoJugDngHQCCVj451MhMdltho=,obN+UvPc8IIJg48keHThZZfYpOU=
202,223,rXuoJugDngHQCCVj451MhMdltho=,obN+UvPc8IIJg48keHThZZfYpOU=
206,223,rXuoJugDngHQCCVj451MhMdltho=,obN+UvPc8IIJg48keHThZZfYpOU=
200,223,rXuoJugDngHQCCVj451MhMdltho=,obN+UvPc8IIJg48keHThZZfYpOU=
205,210,rXuoJugDngHQCCVj451MhMdltho=,obN+UvPc8IIJg48keHThZZfYpOU=
198,223,rXuoJugDngHQCCVj451MhMdltho=,obN+UvPc8IIJg48keHThZZfYpOU=
197,223,rXuoJugDngHQCCVj451MhMdltho=,obN+UvPc8IIJg48keHThZZfYpOU=
201,223,rXuoJugDngHQCCVj451MhMdltho=,obN+UvPc8IIJg48keHThZZfYpOU=
195,223,rXuoJugDngHQCCVj451MhMdltho=,obN+UvPc8IIJg48keHThZZfYpOU=
193,209,rXuoJugDngHQCCVj451MhMdltho=,obN+UvPc8IIJg48keHThZZfYpOU=
204,209,rXuoJugDngHQCCVj451MhMdltho=,obN+UvPc8IIJg48keHThZZfYpOU=
205,209,rXuoJugDngHQCCVj451MhMdltho=,obN+UvPc8IIJg48keHThZZfYpOU=
203,209,rXuoJugDngHQCCVj451MhMdltho=,obN+UvPc8IIJg48keHThZZfYpOU=
199,209,rXuoJugDngHQCCVj451MhMdltho=,obN+UvPc8IIJg48keHThZZfYpOU=
200,209,rXuoJugDngHQCCVj451MhMdltho=,obN+UvPc8IIJg48keHThZZfYpOU=
198,209,rXuoJugDngHQCCVj451MhMdltho=,obN+UvPc8IIJg48keHThZZfYpOU=
197,209,rXuoJugDngHQCCVj451MhMdltho=,obN+UvPc8IIJg48keHThZZfYpOU=
196,209,rXuoJugDngHQCCVj451MhMdltho=,obN+UvPc8IIJg48keHThZZfYpOU=
195,209,rXuoJugDngHQCCVj451MhMdltho=,obN+UvPc8IIJg48keHThZZfYpOU=
194,209,rXuoJugDngHQCCVj451MhMdltho=,obN+UvPc8IIJg48keHThZZfYpOU=
207,222,rXuoJugDngHQCCVj451MhMdltho=,obN+UvPc8IIJg48keHThZZfYpOU=
194,208,rXuoJugDngHQCCVj451MhMdltho=,obN+UvPc8IIJg48keHThZZfYpOU=
206,222,rXuoJugDngHQCCVj451MhMdltho=,obN+UvPc8IIJg48keHThZZfYpOU=
196,223,rXuoJugDngHQCCVj451MhMdltho=,obN+UvPc8IIJg48keHThZZfYpOU=
205,222,rXuoJugDngHQCCVj451MhMdltho=,obN+UvPc8IIJg48keHThZZfYpOU=
204,222,rXuoJugDngHQCCVj451MhMdltho=,obN+UvPc8IIJg48keHThZZfYpOU=
203,222,rXuoJugDngHQCCVj451MhMdltho=,obN+UvPc8IIJg48keHThZZfYpOU=
202,222,rXuoJugDngHQCCVj451MhMdltho=,obN+UvPc8IIJg48keHThZZfYpOU=
199,223,rXuoJugDngHQCCVj451MhMdltho=,obN+UvPc8IIJg48keHThZZfYpOU=
194,223,rXuoJugDngHQCCVj451MhMdltho=,obN+UvPc8IIJg48keHThZZfYpOU=
207,209,rXuoJugDngHQCCVj451MhMdltho=,obN+UvPc8IIJg48keHThZZfYpOU=
193,223,rXuoJugDngHQCCVj451MhMdltho=,obN+UvPc8IIJg48keHThZZfYpOU=
196,222,rXuoJugDngHQCCVj451MhMdltho=,obN+UvPc8IIJg48keHThZZfYpOU=
195,222,rXuoJugDngHQCCVj451MhMdltho=,obN+UvPc8IIJg48keHThZZfYpOU=
194,222,rXuoJugDngHQCCVj451MhMdltho=,obN+UvPc8IIJg48keHThZZfYpOU=
206,209,rXuoJugDngHQCCVj451MhMdltho=,obN+UvPc8IIJg48keHThZZfYpOU=
202,209,rXuoJugDngHQCCVj451MhMdltho=,obN+UvPc8IIJg48keHThZZfYpOU=
207,221,rXuoJugDngHQCCVj451MhMdltho=,obN+UvPc8IIJg48keHThZZfYpOU=
206,221,rXuoJugDngHQCCVj451MhMdltho=,obN+UvPc8IIJg48keHThZZfYpOU=
204,210,rXuoJugDngHQCCVj451MhMdltho=,obN+UvPc8IIJg48keHThZZfYpOU=
207,208,rXuoJugDngHQCCVj451MhMdltho=,obN+UvPc8IIJg48keHThZZfYpOU=
192,223,rXuoJugDngHQCCVj451MhMdltho=,obN+UvPc8IIJg48keHThZZfYpOU=
203,210,rXuoJugDngHQCCVj451MhMdltho=,obN+UvPc8IIJg48keHThZZfYpOU=
204,221,rXuoJugDngHQCCVj451MhMdltho=,obN+UvPc8IIJg48keHThZZfYpOU=
203,221,rXuoJugDngHQCCVj451MhMdltho=,obN+UvPc8IIJg48keHThZZfYpOU=
201,222,rXuoJugDngHQCCVj451MhMdltho=,obN+UvPc8IIJg48keHThZZfYpOU=
199,222,rXuoJugDngHQCCVj451MhMdltho=,obN+UvPc8IIJg48keHThZZfYpOU=
206,210,rXuoJugDngHQCCVj451MhMdltho=,obN+UvPc8IIJg48keHThZZfYpOU=
197,222,rXuoJugDngHQCCVj451MhMdltho=,obN+UvPc8IIJg48keHThZZfYpOU=
198,222,rXuoJugDngHQCCVj451MhMdltho=,obN+UvPc8IIJg48keHThZZfYpOU=
192,209,rXuoJugDngHQCCVj451MhMdltho=,obN+UvPc8IIJg48keHThZZfYpOU=
197,221,rXuoJugDngHQCCVj451MhMdltho=,obN+UvPc8IIJg48keHThZZfYpOU=
192,222,rXuoJugDngHQCCVj451MhMdltho=,obN+UvPc8IIJg48keHThZZfYpOU=
195,221,rXuoJugDngHQCCVj451MhMdltho=,obN+UvPc8IIJg48keHThZZfYpOU=
194,221,rXuoJugDngHQCCVj451MhMdltho=,obN+UvPc8IIJg48keHThZZfYpOU=
196,221,rXuoJugDngHQCCVj451MhMdltho=,obN+UvPc8IIJg48keHThZZfYpOU=
193,208,rXuoJugDngHQCCVj451MhMdltho=,obN+UvPc8IIJg48keHThZZfYpOU=
205,221,rXuoJugDngHQCCVj451MhMdltho=,obN+UvPc8IIJg48keHThZZfYpOU=
207,220,rXuoJugDngHQCCVj451MhMdltho=,obN+UvPc8IIJg48keHThZZfYpOU=
206,220,rXuoJugDngHQCCVj451MhMdltho=,obN+UvPc8IIJg48keHThZZfYpOU=
205,220,rXuoJugDngHQCCVj451MhMdltho=,obN+UvPc8IIJg48keHThZZfYpOU=
202,221,rXuoJugDngHQCCVj451MhMdltho=,obN+UvPc8IIJg48keHThZZfYpOU=
200,222,rXuoJugDngHQCCVj451MhMdltho=,obN+UvPc8IIJg48keHThZZfYpOU=
202,210,rXuoJugDngHQCCVj451MhMdltho=,obN+UvPc8IIJg48keHThZZfYpOU=
201,221,rXuoJugDngHQCCVj451MhMdltho=,obN+UvPc8IIJg48keHThZZfYpOU=
203,220,rXuoJugDngHQCCVj451MhMdltho=,obN+UvPc8IIJg48keHThZZfYpOU=
207,210,rXuoJugDngHQCCVj451MhMdltho=,obN+UvPc8IIJg48keHThZZfYpOU=
192,211,rXuoJugDngHQCCVj451MhMdltho=,obN+UvPc8IIJg48keHThZZfYpOU=
193,211,rXuoJugDngHQCCVj451MhMdltho=,obN+UvPc8IIJg48keHThZZfYpOU=
194,211,rXuoJugDngHQCCVj451MhMdltho=,obN+UvPc8IIJg48keHThZZfYpOU=
192,210,rXuoJugDngHQCCVj451MhMdltho=,obN+UvPc8IIJg48keHThZZfYpOU=
196,208,rXuoJugDngHQCCVj451MhMdltho=,obN+UvPc8IIJg48keHThZZfYpOU=
195,211,rXuoJugDngHQCCVj451MhMdltho=,obN+UvPc8IIJg48keHThZZfYpOU=
196,211,rXuoJugDngHQCCVj451MhMdltho=,obN+UvPc8IIJg48keHThZZfYpOU=
197,211,rXuoJugDngHQCCVj451MhMdltho=,obN+UvPc8IIJg48keHThZZfYpOU=
198,211,rXuoJugDngHQCCVj451MhMdltho=,obN+UvPc8IIJg48keHThZZfYpOU=
199,211,rXuoJugDngHQCCVj451MhMdltho=,obN+UvPc8IIJg48keHThZZfYpOU=
200,221,rXuoJugDngHQCCVj451MhMdltho=,obN+UvPc8IIJg48keHThZZfYpOU=
192,221,rXuoJugDngHQCCVj451MhMdltho=,obN+UvPc8IIJg48keHThZZfYpOU=
199,220,rXuoJugDngHQCCVj451MhMdltho=,obN+UvPc8IIJg48keHThZZfYpOU=
206,208,rXuoJugDngHQCCVj451MhMdltho=,obN+UvPc8IIJg48keHThZZfYpOU=
197,220,rXuoJugDngHQCCVj451MhMdltho=,obN+UvPc8IIJg48keHThZZfYpOU=
196,220,rXuoJugDngHQCCVj451MhMdltho=,obN+UvPc8IIJg48keHThZZfYpOU=
195,220,rXuoJugDngHQCCVj451MhMdltho=,obN+UvPc8IIJg48keHThZZfYpOU=
200,211,rXuoJugDngHQCCVj451MhMdltho=,obN+UvPc8IIJg48keHThZZfYpOU=
201,220,rXuoJugDngHQCCVj451MhMdltho=,obN+UvPc8IIJg48keHThZZfYpOU=
201,211,rXuoJugDngHQCCVj451MhMdltho=,obN+UvPc8IIJg48keHThZZfYpOU=
200,220,rXuoJugDngHQCCVj451MhMdltho=,obN+UvPc8IIJg48keHThZZfYpOU=
193,221,rXuoJugDngHQCCVj451MhMdltho=,obN+UvPc8IIJg48keHThZZfYpOU=
207,219,rXuoJugDngHQCCVj451MhMdltho=,obN+UvPc8IIJg48keHThZZfYpOU=
206,219,rXuoJugDngHQCCVj451MhMdltho=,obN+UvPc8IIJg48keHThZZfYpOU=
198,220,rXuoJugDngHQCCVj451MhMdltho=,obN+UvPc8IIJg48keHThZZfYpOU=
205,219,rXuoJugDngHQCCVj451MhMdltho=,obN+UvPc8IIJg48keHThZZfYpOU=
193,220,rXuoJugDngHQCCVj451MhMdltho=,obN+UvPc8IIJg48keHThZZfYpOU=
204,219,rXuoJugDngHQCCVj451MhMdltho=,obN+UvPc8IIJg48keHThZZfYpOU=
205,208,rXuoJugDngHQCCVj451MhMdltho=,obN+UvPc8IIJg48keHThZZfYpOU=
202,219,rXuoJugDngHQCCVj451MhMdltho=,obN+UvPc8IIJg48keHThZZfYpOU=
201,219,rXuoJugDngHQCCVj451MhMdltho=,obN+UvPc8IIJg48keHThZZfYpOU=
200,219,rXuoJugDngHQCCVj451MhMdltho=,obN+UvPc8IIJg48keHThZZfYpOU=
202,211,rXuoJugDngHQCCVj451MhMdltho=,obN+UvPc8IIJg48keHThZZfYpOU=
203,211,rXuoJugDngHQCCVj451MhMdltho=,obN+UvPc8IIJg48keHThZZfYpOU=
199,219,rXuoJugDngHQCCVj451MhMdltho=,obN+UvPc8IIJg48keHThZZfYpOU=
198,219,rXuoJugDngHQCCVj451MhMdltho=,obN+UvPc8IIJg48keHThZZfYpOU=
197,219,rXuoJugDngHQCCVj451MhMdltho=,obN+UvPc8IIJg48keHThZZfYpOU=
196,219,rXuoJugDngHQCCVj451MhMdltho=,obN+UvPc8IIJg48keHThZZfYpOU=
201,209,rXuoJugDngHQCCVj451MhMdltho=,obN+UvPc8IIJg48keHThZZfYpOU=
194,219,rXuoJugDngHQCCVj451MhMdltho=,obN+UvPc8IIJg48keHThZZfYpOU=
193,219,rXuoJugDngHQCCVj451MhMdltho=,obN+UvPc8IIJg48keHThZZfYpOU=
192,219,rXuoJugDngHQCCVj451MhMdltho=,obN+UvPc8IIJg48keHThZZfYpOU=
204,220,rXuoJugDngHQCCVj451MhMdltho=,obN+UvPc8IIJg48keHThZZfYpOU=
202,220,rXuoJugDngHQCCVj451MhMdltho=,obN+UvPc8IIJg48keHThZZfYpOU=
206,218,rXuoJugDngHQCCVj451MhMdltho=,obN+UvPc8IIJg48keHThZZfYpOU=
194,220,rXuoJugDngHQCCVj451MhMdltho=,obN+UvPc8IIJg48keHThZZfYpOU=
192,220,rXuoJugDngHQCCVj451MhMdltho=,obN+UvPc8IIJg48keHThZZfYpOU=
202,218,rXuoJugDngHQCCVj451MhMdltho=,obN+UvPc8IIJg48keHThZZfYpOU=
204,208,rXuoJugDngHQCCVj451MhMdltho=,obN+UvPc8IIJg48keHThZZfYpOU=
200,210,rXuoJugDngHQCCVj451MhMdltho=,obN+UvPc8IIJg48keHThZZfYpOU=
204,211,rXuoJugDngHQCCVj451MhMdltho=,obN+UvPc8IIJg48keHThZZfYpOU=
201,218,rXuoJugDngHQCCVj451MhMdltho=,obN+UvPc8IIJg48keHThZZfYpOU=
205,211,rXuoJugDngHQCCVj451MhMdltho=,obN+UvPc8IIJg48keHThZZfYpOU=
201,210,rXuoJugDngHQCCVj451MhMdltho=,obN+UvPc8IIJg48keHThZZfYpOU=
199,218,rXuoJugDngHQCCVj451MhMdltho=,obN+UvPc8IIJg48keHThZZfYpOU=
203,219,rXuoJugDngHQCCVj451MhMdltho=,obN+UvPc8IIJg48keHThZZfYpOU=
198,218,rXuoJugDngHQCCVj451MhMdltho=,obN+UvPc8IIJg48keHThZZfYpOU=
197,218,rXuoJugDngHQCCVj451MhMdltho=,obN+UvPc8IIJg48keHThZZfYpOU=
195,219,rXuoJugDngHQCCVj451MhMdltho=,obN+UvPc8IIJg48keHThZZfYpOU=
194,218,rXuoJugDngHQCCVj451MhMdltho=,obN+UvPc8IIJg48keHThZZfYpOU=
193,218,rXuoJugDngHQCCVj451MhMdltho=,obN+UvPc8IIJg48keHThZZfYpOU=
196,218,rXuoJugDngHQCCVj451MhMdltho=,obN+UvPc8IIJg48keHThZZfYpOU=
207,218,rXuoJugDngHQCCVj451MhMdltho=,obN+UvPc8IIJg48keHThZZfYpOU=
199,221,rXuoJugDngHQCCVj451MhMdltho=,obN+UvPc8IIJg48keHThZZfYpOU=
198,221,rXuoJugDngHQCCVj451MhMdltho=,obN+UvPc8IIJg48keHThZZfYpOU=
205,217,rXuoJugDngHQCCVj451MhMdltho=,obN+UvPc8IIJg48keHThZZfYpOU=
203,217,rXuoJugDngHQCCVj451MhMdltho=,obN+UvPc8IIJg48keHThZZfYpOU=
202,217,rXuoJugDngHQCCVj451MhMdltho=,obN+UvPc8IIJg48keHThZZfYpOU=
205,218,rXuoJugDngHQCCVj451MhMdltho=,obN+UvPc8IIJg48keHThZZfYpOU=
201,217,rXuoJugDngHQCCVj451MhMdltho=,obN+UvPc8IIJg48keHThZZfYpOU=
204,218,rXuoJugDngHQCCVj451MhMdltho=,obN+UvPc8IIJg48keHThZZfYpOU=
203,218,rXuoJugDngHQCCVj451MhMdltho=,obN+UvPc8IIJg48keHThZZfYpOU=
199,217,rXuoJugDngHQCCVj451MhMdltho=,obN+UvPc8IIJg48keHThZZfYpOU=
198,217,rXuoJugDngHQCCVj451MhMdltho=,obN+UvPc8IIJg48keHThZZfYpOU=
197,217,rXuoJugDngHQCCVj451MhMdltho=,obN+UvPc8IIJg48keHThZZfYpOU=
196,217,rXuoJugDngHQCCVj451MhMdltho=,obN+UvPc8IIJg48keHThZZfYpOU=
195,217,rXuoJugDngHQCCVj451MhMdltho=,obN+UvPc8IIJg48keHThZZfYpOU=
194,217,rXuoJugDngHQCCVj451MhMdltho=,obN+UvPc8IIJg48keHThZZfYpOU=
193,217,rXuoJugDngHQCCVj451MhMdltho=,obN+UvPc8IIJg48keHThZZfYpOU=
200,218,rXuoJugDngHQCCVj451MhMdltho=,obN+UvPc8IIJg48keHThZZfYpOU=
192,217,rXuoJugDngHQCCVj451MhMdltho=,obN+UvPc8IIJg48keHThZZfYpOU=
206,216,rXuoJugDngHQCCVj451MhMdltho=,obN+UvPc8IIJg48keHThZZfYpOU=
195,218,rXuoJugDngHQCCVj451MhMdltho=,obN+UvPc8IIJg48keHThZZfYpOU=
193,222,rXuoJugDngHQCCVj451MhMdltho=,obN+UvPc8IIJg48keHThZZfYpOU=
204,216,rXuoJugDngHQCCVj451MhMdltho=,obN+UvPc8IIJg48keHThZZfYpOU=
202,216,rXuoJugDngHQCCVj451MhMdltho=,obN+UvPc8IIJg48keHThZZfYpOU=
206,217,rXuoJugDngHQCCVj451MhMdltho=,obN+UvPc8IIJg48keHThZZfYpOU=
202,208,rXuoJugDngHQCCVj451MhMdltho=,obN+UvPc8IIJg48keHThZZfYpOU=
204,217,rXuoJugDngHQCCVj451MhMdltho=,obN+UvPc8IIJg48keHThZZfYpOU=
206,211,rXuoJugDngHQCCVj451MhMdltho=,obN+UvPc8IIJg48keHThZZfYpOU=
193,210,rXuoJugDngHQCCVj451MhMdltho=,obN+UvPc8IIJg48keHThZZfYpOU=
207,211,rXuoJugDngHQCCVj451MhMdltho=,obN+UvPc8IIJg48keHThZZfYpOU=
192,212,rXuoJugDngHQCCVj451MhMdltho=,obN+UvPc8IIJg48keHThZZfYpOU=
207,217,rXuoJugDngHQCCVj451MhMdltho=,obN+UvPc8IIJg48keHThZZfYpOU=
199,216,rXuoJugDngHQCCVj451MhMdltho=,obN+UvPc8IIJg48keHThZZfYpOU=
198,216,rXuoJugDngHQCCVj451MhMdltho=,obN+UvPc8IIJg48keHThZZfYpOU=
192,218,rXuoJugDngHQCCVj451MhMdltho=,obN+UvPc8IIJg48keHThZZfYpOU=
197,216,rXuoJugDngHQCCVj451MhMdltho=,obN+UvPc8IIJg48keHThZZfYpOU=
196,216,rXuoJugDngHQCCVj451MhMdltho=,obN+UvPc8IIJg48keHThZZfYpOU=
194,216,rXuoJugDngHQCCVj451MhMdltho=,obN+UvPc8IIJg48keHThZZfYpOU=
193,216,rXuoJugDngHQCCVj451MhMdltho=,obN+UvPc8IIJg48keHThZZfYpOU=
203,208,rXuoJugDngHQCCVj451MhMdltho=,obN+UvPc8IIJg48keHThZZfYpOU=
207,215,rXuoJugDngHQCCVj451MhMdltho=,obN+UvPc8IIJg48keHThZZfYpOU=
206,215,rXuoJugDngHQCCVj451MhMdltho=,obN+UvPc8IIJg48keHThZZfYpOU=
199,210,rXuoJugDngHQCCVj451MhMdltho=,obN+UvPc8IIJg48keHThZZfYpOU=
204,215,rXuoJugDngHQCCVj451MhMdltho=,obN+UvPc8IIJg48keHThZZfYpOU=
205,216,rXuoJugDngHQCCVj451MhMdltho=,obN+UvPc8IIJg48keHThZZfYpOU=
200,217,rXuoJugDngHQCCVj451MhMdltho=,obN+UvPc8IIJg48keHThZZfYpOU=
202,215,rXuoJugDngHQCCVj451MhMdltho=,obN+UvPc8IIJg48keHThZZfYpOU=
207,216,rXuoJugDngHQCCVj451MhMdltho=,obN+UvPc8IIJg48keHThZZfYpOU=
199,215,rXuoJugDngHQCCVj451MhMdltho=,obN+UvPc8IIJg48keHThZZfYpOU=
201,208,rXuoJugDngHQCCVj451MhMdltho=,obN+UvPc8IIJg48keHThZZfYpOU=
197,210,rXuoJugDngHQCCVj451MhMdltho=,obN+UvPc8IIJg48keHThZZfYpOU=
198,215,rXuoJugDngHQCCVj451MhMdltho=,obN+UvPc8IIJg48keHThZZfYpOU=
197,215,rXuoJugDngHQCCVj451MhMdltho=,obN+UvPc8IIJg48keHThZZfYpOU=
203,216,rXuoJugDngHQCCVj451MhMdltho=,obN+UvPc8IIJg48keHThZZfYpOU=
195,215,rXuoJugDngHQCCVj451MhMdltho=,obN+UvPc8IIJg48keHThZZfYpOU=
194,215,rXuoJugDngHQCCVj451MhMdltho=,obN+UvPc8IIJg48keHThZZfYpOU=
193,215,rXuoJugDngHQCCVj451MhMdltho=,obN+UvPc8IIJg48keHThZZfYpOU=
192,215,rXuoJugDngHQCCVj451MhMdltho=,obN+UvPc8IIJg48keHThZZfYpOU=
207,214,rXuoJugDngHQCCVj451MhMdltho=,obN+UvPc8IIJg48keHThZZfYpOU=
206,214,rXuoJugDngHQCCVj451MhMdltho=,obN+UvPc8IIJg48keHThZZfYpOU=
205,214,rXuoJugDngHQCCVj451MhMdltho=,obN+UvPc8IIJg48keHThZZfYpOU=
200,216,rXuoJugDngHQCCVj451MhMdltho=,obN+UvPc8IIJg48keHThZZfYpOU=
204,214,rXuoJugDngHQCCVj451MhMdltho=,obN+UvPc8IIJg48keHThZZfYpOU=
203,214,rXuoJugDngHQCCVj451MhMdltho=,obN+UvPc8IIJg48keHThZZfYpOU=
202,214,rXuoJugDngHQCCVj451MhMdltho=,obN+UvPc8IIJg48keHThZZfYpOU=
201,214,rXuoJugDngHQCCVj451MhMdltho=,obN+UvPc8IIJg48keHThZZfYpOU=
198,210,rXuoJugDngHQCCVj451MhMdltho=,obN+UvPc8IIJg48keHThZZfYpOU=
200,208,rXuoJugDngHQCCVj451MhMdltho=,obN+UvPc8IIJg48keHThZZfYpOU=
193,212,rXuoJugDngHQCCVj451MhMdltho=,obN+UvPc8IIJg48keHThZZfYpOU=
194,212,rXuoJugDngHQCCVj451MhMdltho=,obN+UvPc8IIJg48keHThZZfYpOU=
195,212,rXuoJugDngHQCCVj451MhMdltho=,obN+UvPc8IIJg48keHThZZfYpOU=
194,210,rXuoJugDngHQCCVj451MhMdltho=,obN+UvPc8IIJg48keHThZZfYpOU=
197,208,rXuoJugDngHQCCVj451MhMdltho=,obN+UvPc8IIJg48keHThZZfYpOU=
195,216,rXuoJugDngHQCCVj451MhMdltho=,obN+UvPc8IIJg48keHThZZfYpOU=
196,210,rXuoJugDngHQCCVj451MhMdltho=,obN+UvPc8IIJg48keHThZZfYpOU=
192,208,rXuoJugDngHQCCVj451MhMdltho=,obN+UvPc8IIJg48keHThZZfYpOU=
196,212,rXuoJugDngHQCCVj451MhMdltho=,obN+UvPc8IIJg48keHThZZfYpOU=
197,212,rXuoJugDngHQCCVj451MhMdltho=,obN+UvPc8IIJg48keHThZZfYpOU=
198,212,rXuoJugDngHQCCVj451MhMdltho=,obN+UvPc8IIJg48keHThZZfYpOU=
199,212,rXuoJugDngHQCCVj451MhMdltho=,obN+UvPc8IIJg48keHThZZfYpOU=
200,212,rXuoJugDngHQCCVj451MhMdltho=,obN+UvPc8IIJg48keHThZZfYpOU=
201,212,rXuoJugDngHQCCVj451MhMdltho=,obN+UvPc8IIJg48keHThZZfYpOU=
192,216,rXuoJugDngHQCCVj451MhMdltho=,obN+UvPc8IIJg48keHThZZfYpOU=
205,215,rXuoJugDngHQCCVj451MhMdltho=,obN+UvPc8IIJg48keHThZZfYpOU=
195,214,rXuoJugDngHQCCVj451MhMdltho=,obN+UvPc8IIJg48keHThZZfYpOU=
196,214,rXuoJugDngHQCCVj451MhMdltho=,obN+UvPc8IIJg48keHThZZfYpOU=
203,215,rXuoJugDngHQCCVj451MhMdltho=,obN+UvPc8IIJg48keHThZZfYpOU=
194,214,rXuoJugDngHQCCVj451MhMdltho=,obN+UvPc8IIJg48keHThZZfYpOU=
200,215,rXuoJugDngHQCCVj451MhMdltho=,obN+UvPc8IIJg48keHThZZfYpOU=
201,215,rXuoJugDngHQCCVj451MhMdltho=,obN+UvPc8IIJg48keHThZZfYpOU=
192,214,rXuoJugDngHQCCVj451MhMdltho=,obN+UvPc8IIJg48keHThZZfYpOU=
196,215,rXuoJugDngHQCCVj451MhMdltho=,obN+UvPc8IIJg48keHThZZfYpOU=
206,213,rXuoJugDngHQCCVj451MhMdltho=,obN+UvPc8IIJg48keHThZZfYpOU=
205,213,rXuoJugDngHQCCVj451MhMdltho=,obN+UvPc8IIJg48keHThZZfYpOU=
204,213,rXuoJugDngHQCCVj451MhMdltho=,obN+UvPc8IIJg48keHThZZfYpOU=
203,213,rXuoJugDngHQCCVj451MhMdltho=,obN+UvPc8IIJg48keHThZZfYpOU=
202,213,rXuoJugDngHQCCVj451MhMdltho=,obN+UvPc8IIJg48keHThZZfYpOU=
201,213,rXuoJugDngHQCCVj451MhMdltho=,obN+UvPc8IIJg48keHThZZfYpOU=
200,213,rXuoJugDngHQCCVj451MhMdltho=,obN+UvPc8IIJg48keHThZZfYpOU=
199,213,rXuoJugDngHQCCVj451MhMdltho=,obN+UvPc8IIJg48keHThZZfYpOU=
198,213,rXuoJugDngHQCCVj451MhMdltho=,obN+UvPc8IIJg48keHThZZfYpOU=
199,208,rXuoJugDngHQCCVj451MhMdltho=,obN+UvPc8IIJg48keHThZZfYpOU=
207,213,rXuoJugDngHQCCVj451MhMdltho=,obN+UvPc8IIJg48keHThZZfYpOU=
197,213,rXuoJugDngHQCCVj451MhMdltho=,obN+UvPc8IIJg48keHThZZfYpOU=
195,210,rXuoJugDngHQCCVj451MhMdltho=,obN+UvPc8IIJg48keHThZZfYpOU=
195,213,rXuoJugDngHQCCVj451MhMdltho=,obN+UvPc8IIJg48keHThZZfYpOU=
194,213,rXuoJugDngHQCCVj451MhMdltho=,obN+UvPc8IIJg48keHThZZfYpOU=
201,216,rXuoJugDngHQCCVj451MhMdltho=,obN+UvPc8IIJg48keHThZZfYpOU=
192,213,rXuoJugDngHQCCVj451MhMdltho=,obN+UvPc8IIJg48keHThZZfYpOU=
207,212,rXuoJugDngHQCCVj451MhMdltho=,obN+UvPc8IIJg48keHThZZfYpOU=
198,208,rXuoJugDngHQCCVj451MhMdltho=,obN+UvPc8IIJg48keHThZZfYpOU=
206,212,rXuoJugDngHQCCVj451MhMdltho=,obN+UvPc8IIJg48keHThZZfYpOU=
205,212,rXuoJugDngHQCCVj451MhMdltho=,obN+UvPc8IIJg48keHThZZfYpOU=
204,212,rXuoJugDngHQCCVj451MhMdltho=,obN+UvPc8IIJg48keHThZZfYpOU=
203,212,rXuoJugDngHQCCVj451MhMdltho=,obN+UvPc8IIJg48keHThZZfYpOU=
200,214,rXuoJugDngHQCCVj451MhMdltho=,obN+UvPc8IIJg48keHThZZfYpOU=
199,214,rXuoJugDngHQCCVj451MhMdltho=,obN+UvPc8IIJg48keHThZZfYpOU=
198,214,rXuoJugDngHQCCVj451MhMdltho=,obN+UvPc8IIJg48keHThZZfYpOU=
202,212,rXuoJugDngHQCCVj451MhMdltho=,obN+UvPc8IIJg48keHThZZfYpOU=
197,214,rXuoJugDngHQCCVj451MhMdltho=,obN+UvPc8IIJg48keHThZZfYpOU=
193,214,rXuoJugDngHQCCVj451MhMdltho=,obN+UvPc8IIJg48keHThZZfYpOU=
196,213,rXuoJugDngHQCCVj451MhMdltho=,obN+UvPc8IIJg48keHThZZfYpOU=
193,213,rXuoJugDngHQCCVj451MhMdltho=,obN+UvPc8IIJg48keHThZZfYpOU=
220,211,59HqJt1oMAFnIWbbAYXpk/ZosBQ=,ZSowwIUlse7EZLNaUYnuDrGotaI=
211,208,59HqJt1oMAFnIWbbAYXpk/ZosBQ=,ZSowwIUlse7EZLNaUYnuDrGotaI=
223,223,59HqJt1oMAFnIWbbAYXpk/ZosBQ=,ZSowwIUlse7EZLNaUYnuDrGotaI=
221,210,59HqJt1oMAFnIWbbAYXpk/ZosBQ=,ZSowwIUlse7EZLNaUYnuDrGotaI=
220,210,59HqJt1oMAFnIWbbAYXpk/ZosBQ=,ZSowwIUlse7EZLNaUYnuDrGotaI=
219,210,59HqJt1oMAFnIWbbAYXpk/ZosBQ=,ZSowwIUlse7EZLNaUYnuDrGotaI=
218,210,59HqJt1oMAFnIWbbAYXpk/ZosBQ=,ZSowwIUlse7EZLNaUYnuDrGotaI=
217,210,59HqJt1oMAFnIWbbAYXpk/ZosBQ=,ZSowwIUlse7EZLNaUYnuDrGotaI=
215,210,59HqJt1oMAFnIWbbAYXpk/ZosBQ=,ZSowwIUlse7EZLNaUYnuDrGotaI=
214,210,59HqJt1oMAFnIWbbAYXpk/ZosBQ=,ZSowwIUlse7EZLNaUYnuDrGotaI=
213,210,59HqJt1oMAFnIWbbAYXpk/ZosBQ=,ZSowwIUlse7EZLNaUYnuDrGotaI=
216,210,59HqJt1oMAFnIWbbAYXpk/ZosBQ=,ZSowwIUlse7EZLNaUYnuDrGotaI=
212,210,59HqJt1oMAFnIWbbAYXpk/ZosBQ=,ZSowwIUlse7EZLNaUYnuDrGotaI=
211,210,59HqJt1oMAFnIWbbAYXpk/ZosBQ=,ZSowwIUlse7EZLNaUYnuDrGotaI=
210,210,59HqJt1oMAFnIWbbAYXpk/ZosBQ=,ZSowwIUlse7EZLNaUYnuDrGotaI=
208,210,59HqJt1oMAFnIWbbAYXpk/ZosBQ=,ZSowwIUlse7EZLNaUYnuDrGotaI=
209,210,59HqJt1oMAFnIWbbAYXpk/ZosBQ=,ZSowwIUlse7EZLNaUYnuDrGotaI=
219,211,59HqJt1oMAFnIWbbAYXpk/ZosBQ=,ZSowwIUlse7EZLNaUYnuDrGotaI=
222,223,59HqJt1oMAFnIWbbAYXpk/ZosBQ=,ZSowwIUlse7EZLNaUYnuDrGotaI=
218,223,59HqJt1oMAFnIWbbAYXpk/ZosBQ=,ZSowwIUlse7EZLNaUYnuDrGotaI=
217,223,59HqJt1oMAFnIWbbAYXpk/ZosBQ=,ZSowwIUlse7EZLNaUYnuDrGotaI=
216,223,59HqJt1oMAFnIWbbAYXpk/ZosBQ=,ZSowwIUlse7EZLNaUYnuDrGotaI=
219,223,59HqJt1oMAFnIWbbAYXpk/ZosBQ=,ZSowwIUlse7EZLNaUYnuDrGotaI=
214,223,59HqJt1oMAFnIWbbAYXpk/ZosBQ=,ZSowwIUlse7EZLNaUYnuDrGotaI=
213,223,59HqJt1oMAFnIWbbAYXpk/ZosBQ=,ZSowwIUlse7EZLNaUYnuDrGotaI=
211,223,59HqJt1oMAFnIWbbAYXpk/ZosBQ=,ZSowwIUlse7EZLNaUYnuDrGotaI=
210,223,59HqJt1oMAFnIWbbAYXpk/ZosBQ=,ZSowwIUlse7EZLNaUYnuDrGotaI=
209,223,59HqJt1oMAFnIWbbAYXpk/ZosBQ=,ZSowwIUlse7EZLNaUYnuDrGotaI=
218,211,59HqJt1oMAFnIWbbAYXpk/ZosBQ=,ZSowwIUlse7EZLNaUYnuDrGotaI=
208,223,59HqJt1oMAFnIWbbAYXpk/ZosBQ=,ZSowwIUlse7EZLNaUYnuDrGotaI=
220,223,59HqJt1oMAFnIWbbAYXpk/ZosBQ=,ZSowwIUlse7EZLNaUYnuDrGotaI=
222,222,59HqJt1oMAFnIWbbAYXpk/ZosBQ=,ZSowwIUlse7EZLNaUYnuDrGotaI=
223,222,59HqJt1oMAFnIWbbAYXpk/ZosBQ=,ZSowwIUlse7EZLNaUYnuDrGotaI=
221,222,59HqJt1oMAFnIWbbAYXpk/ZosBQ=,ZSowwIUlse7EZLNaUYnuDrGotaI=
218,222,59HqJt1oMAFnIWbbAYXpk/ZosBQ=,ZSowwIUlse7EZLNaUYnuDrGotaI=
217,222,59HqJt1oMAFnIWbbAYXpk/ZosBQ=,ZSowwIUlse7EZLNaUYnuDrGotaI=
216,222,59HqJt1oMAFnIWbbAYXpk/ZosBQ=,ZSowwIUlse7EZLNaUYnuDrGotaI=
215,222,59HqJt1oMAFnIWbbAYXpk/ZosBQ=,ZSowwIUlse7EZLNaUYnuDrGotaI=
214,222,59HqJt1oMAFnIWbbAYXpk/ZosBQ=,ZSowwIUlse7EZLNaUYnuDrGotaI=
213,222,59HqJt1oMAFnIWbbAYXpk/ZosBQ=,ZSowwIUlse7EZLNaUYnuDrGotaI=
212,222,59HqJt1oMAFnIWbbAYXpk/ZosBQ=,ZSowwIUlse7EZLNaUYnuDrGotaI=
211,222,59HqJt1oMAFnIWbbAYXpk/ZosBQ=,ZSowwIUlse7EZLNaUYnuDrGotaI=
219,222,59HqJt1oMAFnIWbbAYXpk/ZosBQ=,ZSowwIUlse7EZLNaUYnuDrGotaI=
210,222,59HqJt1oMAFnIWbbAYXpk/ZosBQ=,ZSowwIUlse7EZLNaUYnuDrGotaI=
209,209,59HqJt1oMAFnIWbbAYXpk/ZosBQ=,ZSowwIUlse7EZLNaUYnuDrGotaI=
217,211,59HqJt1oMAFnIWbbAYXpk/ZosBQ=,ZSowwIUlse7EZLNaUYnuDrGotaI=
209,222,59HqJt1oMAFnIWbbAYXpk/ZosBQ=,ZSowwIUlse7EZLNaUYnuDrGotaI=
215,223,59HqJt1oMAFnIWbbAYXpk/ZosBQ=,ZSowwIUlse7EZLNaUYnuDrGotaI=
212,223,59HqJt1oMAFnIWbbAYXpk/ZosBQ=,ZSowwIUlse7EZLNaUYnuDrGotaI=
208,222,59HqJt1oMAFnIWbbAYXpk/ZosBQ=,ZSowwIUlse7EZLNaUYnuDrGotaI=
223,221,59HqJt1oMAFnIWbbAYXpk/ZosBQ=,ZSowwIUlse7EZLNaUYnuDrGotaI=
222,221,59HqJt1oMAFnIWbbAYXpk/ZosBQ=,ZSowwIUlse7EZLNaUYnuDrGotaI=
221,221,59HqJt1oMAFnIWbbAYXpk/ZosBQ=,ZSowwIUlse7EZLNaUYnuDrGotaI=
209,208,59HqJt1oMAFnIWbbAYXpk/ZosBQ=,ZSowwIUlse7EZLNaUYnuDrGotaI=
220,221,59HqJt1oMAFnIWbbAYXpk/ZosBQ=,ZSowwIUlse7EZLNaUYnuDrGotaI=
219,221,59HqJt1oMAFnIWbbAYXpk/ZosBQ=,ZSowwIUlse7EZLNaUYnuDrGotaI=
216,221,59HqJt1oMAFnIWbbAYXpk/ZosBQ=,ZSowwIUlse7EZLNaUYnuDrGotaI=
215,221,59HqJt1oMAFnIWbbAYXpk/ZosBQ=,ZSowwIUlse7EZLNaUYnuDrGotaI=
214,221,59HqJt1oMAFnIWbbAYXpk/ZosBQ=,ZSowwIUlse7EZLNaUYnuDrGotaI=
213,221,59HqJt1oMAFnIWbbAYXpk/ZosBQ=,ZSowwIUlse7EZLNaUYnuDrGotaI=
212,221,59HqJt1oMAFnIWbbAYXpk/ZosBQ=,ZSowwIUlse7EZLNaUYnuDrGotaI=
211,221,59HqJt1oMAFnIWbbAYXpk/ZosBQ=,ZSowwIUlse7EZLNaUYnuDrGotaI=
210,208,59HqJt1oMAFnIWbbAYXpk/ZosBQ=,ZSowwIUlse7EZLNaUYnuDrGotaI=
221,209,59HqJt1oMAFnIWbbAYXpk/ZosBQ=,ZSowwIUlse7EZLNaUYnuDrGotaI=
223,208,59HqJt1oMAFnIWbbAYXpk/ZosBQ=,ZSowwIUlse7EZLNaUYnuDrGotaI=
216,211,59HqJt1oMAFnIWbbAYXpk/ZosBQ=,ZSowwIUlse7EZLNaUYnuDrGotaI=
210,221,59HqJt1oMAFnIWbbAYXpk/ZosBQ=,ZSowwIUlse7EZLNaUYnuDrGotaI=
209,221,59HqJt1oMAFnIWbbAYXpk/ZosBQ=,ZSowwIUlse7EZLNaUYnuDrGotaI=
208,221,59HqJt1oMAFnIWbbAYXpk/ZosBQ=,ZSowwIUlse7EZLNaUYnuDrGotaI=
220,209,59HqJt1oMAFnIWbbAYXpk/ZosBQ=,ZSowwIUlse7EZLNaUYnuDrGotaI=
223,209,59HqJt1oMAFnIWbbAYXpk/ZosBQ=,ZSowwIUlse7EZLNaUYnuDrGotaI=
222,220,59HqJt1oMAFnIWbbAYXpk/ZosBQ=,ZSowwIUlse7EZLNaUYnuDrGotaI=
221,220,59HqJt1oMAFnIWbbAYXpk/ZosBQ=,ZSowwIUlse7EZLNaUYnuDrGotaI=
220,220,59HqJt1oMAFnIWbbAYXpk/ZosBQ=,ZSowwIUlse7EZLNaUYnuDrGotaI=
219,220,59HqJt1oMAFnIWbbAYXpk/ZosBQ=,ZSowwIUlse7EZLNaUYnuDrGotaI=
218,220,59HqJt1oMAFnIWbbAYXpk/ZosBQ=,ZSowwIUlse7EZLNaUYnuDrGotaI=
221,223,59HqJt1oMAFnIWbbAYXpk/ZosBQ=,ZSowwIUlse7EZLNaUYnuDrGotaI=
215,220,59HqJt1oMAFnIWbbAYXpk/ZosBQ=,ZSowwIUlse7EZLNaUYnuDrGotaI=
222,209,59HqJt1oMAFnIWbbAYXpk/ZosBQ=,ZSowwIUlse7EZLNaUYnuDrGotaI=
220,222,59HqJt1oMAFnIWbbAYXpk/ZosBQ=,ZSowwIUlse7EZLNaUYnuDrGotaI=
212,220,59HqJt1oMAFnIWbbAYXpk/ZosBQ=,ZSowwIUlse7EZLNaUYnuDrGotaI=
213,220,59HqJt1oMAFnIWbbAYXpk/ZosBQ=,ZSowwIUlse7EZLNaUYnuDrGotaI=
222,208,59HqJt1oMAFnIWbbAYXpk/ZosBQ=,ZSowwIUlse7EZLNaUYnuDrGotaI=
211,220,59HqJt1oMAFnIWbbAYXpk/ZosBQ=,ZSowwIUlse7EZLNaUYnuDrGotaI=
210,220,59HqJt1oMAFnIWbbAYXpk/ZosBQ=,ZSowwIUlse7EZLNaUYnuDrGotaI=
209,220,59HqJt1oMAFnIWbbAYXpk/ZosBQ=,ZSowwIUlse7EZLNaUYnuDrGotaI=
208,220,59HqJt1oMAFnIWbbAYXpk/ZosBQ=,ZSowwIUlse7EZLNaUYnuDrGotaI=
219,209,59HqJt1oMAFnIWbbAYXpk/ZosBQ=,ZSowwIUlse7EZLNaUYnuDrGotaI=
223,219,59HqJt1oMAFnIWbbAYXpk/ZosBQ=,ZSowwIUlse7EZLNaUYnuDrGotaI=
222,219,59HqJt1oMAFnIWbbAYXpk/ZosBQ=,ZSowwIUlse7EZLNaUYnuDrGotaI=
221,219,59HqJt1oMAFnIWbbAYXpk/ZosBQ=,ZSowwIUlse7EZLNaUYnuDrGotaI=
220,219,59HqJt1oMAFnIWbbAYXpk/ZosBQ=,ZSowwIUlse7EZLNaUYnuDrGotaI=
215,211,59HqJt1oMAFnIWbbAYXpk/ZosBQ=,ZSowwIUlse7EZLNaUYnuDrGotaI=
218,219,59HqJt1oMAFnIWbbAYXpk/ZosBQ=,ZSowwIUlse7EZLNaUYnuDrGotaI=
217,219,59HqJt1oMAFnIWbbAYXpk/ZosBQ=,ZSowwIUlse7EZLNaUYnuDrGotaI=
216,219,59HqJt1oMAFnIWbbAYXpk/ZosBQ=,ZSowwIUlse7EZLNaUYnuDrGotaI=
215,219,59HqJt1oMAFnIWbbAYXpk/ZosBQ=,ZSowwIUlse7EZLNaUYnuDrGotaI=
218,221,59HqJt1oMAFnIWbbAYXpk/ZosBQ=,ZSowwIUlse7EZLNaUYnuDrGotaI=
213,219,59HqJt1oMAFnIWbbAYXpk/ZosBQ=,ZSowwIUlse7EZLNaUYnuDrGotaI=
221,208,59HqJt1oMAFnIWbbAYXpk/ZosBQ=,ZSowwIUlse7EZLNaUYnuDrGotaI=
217,221,59HqJt1oMAFnIWbbAYXpk/ZosBQ=,ZSowwIUlse7EZLNaUYnuDrGotaI=
214,211,59HqJt1oMAFnIWbbAYXpk/ZosBQ=,ZSowwIUlse7EZLNaUYnuDrGotaI=
211,219,59HqJt1oMAFnIWbbAYXpk/ZosBQ=,ZSowwIUlse7EZLNaUYnuDrGotaI=
210,219,59HqJt1oMAFnIWbbAYXpk/ZosBQ=,ZSowwIUlse7EZLNaUYnuDrGotaI=
212,219,59HqJt1oMAFnIWbbAYXpk/ZosBQ=,ZSowwIUlse7EZLNaUYnuDrGotaI=
208,219,59HqJt1oMAFnIWbbAYXpk/ZosBQ=,ZSowwIUlse7EZLNaUYnuDrGotaI=
218,209,59HqJt1oMAFnIWbbAYXpk/ZosBQ=,ZSowwIUlse7EZLNaUYnuDrGotaI=
223,218,59HqJt1oMAFnIWbbAYXpk/ZosBQ=,ZSowwIUlse7EZLNaUYnuDrGotaI=
222,218,59HqJt1oMAFnIWbbAYXpk/ZosBQ=,ZSowwIUlse7EZLNaUYnuDrGotaI=
223,220,59HqJt1oMAFnIWbbAYXpk/ZosBQ=,ZSowwIUlse7EZLNaUYnuDrGotaI=
208,209,59HqJt1oMAFnIWbbAYXpk/ZosBQ=,ZSowwIUlse7EZLNaUYnuDrGotaI=
219,218,59HqJt1oMAFnIWbbAYXpk/ZosBQ=,ZSowwIUlse7EZLNaUYnuDrGotaI=
218,218,59HqJt1oMAFnIWbbAYXpk/ZosBQ=,ZSowwIUlse7EZLNaUYnuDrGotaI=
217,218,59HqJt1oMAFnIWbbAYXpk/ZosBQ=,ZSowwIUlse7EZLNaUYnuDrGotaI=
214,220,59HqJt1oMAFnIWbbAYXpk/ZosBQ=,ZSowwIUlse7EZLNaUYnuDrGotaI=
216,220,59HqJt1oMAFnIWbbAYXpk/ZosBQ=,ZSowwIUlse7EZLNaUYnuDrGotaI=
219,219,59HqJt1oMAFnIWbbAYXpk/ZosBQ=,ZSowwIUlse7EZLNaUYnuDrGotaI=
220,208,59HqJt1oMAFnIWbbAYXpk/ZosBQ=,ZSowwIUlse7EZLNaUYnuDrGotaI=
213,211,59HqJt1oMAFnIWbbAYXpk/ZosBQ=,ZSowwIUlse7EZLNaUYnuDrGotaI=
209,219,59HqJt1oMAFnIWbbAYXpk/ZosBQ=,ZSowwIUlse7EZLNaUYnuDrGotaI=
214,219,59HqJt1oMAFnIWbbAYXpk/ZosBQ=,ZSowwIUlse7EZLNaUYnuDrGotaI=
221,218,59HqJt1oMAFnIWbbAYXpk/ZosBQ=,ZSowwIUlse7EZLNaUYnuDrGotaI=
220,218,59HqJt1oMAFnIWbbAYXpk/ZosBQ=,ZSowwIUlse7EZLNaUYnuDrGotaI=
217,220,59HqJt1oMAFnIWbbAYXpk/ZosBQ=,ZSowwIUlse7EZLNaUYnuDrGotaI=
217,209,59HqJt1oMAFnIWbbAYXpk/ZosBQ=,ZSowwIUlse7EZLNaUYnuDrGotaI=
208,218,59HqJt1oMAFnIWbbAYXpk/ZosBQ=,ZSowwIUlse7EZLNaUYnuDrGotaI=
223,217,59HqJt1oMAFnIWbbAYXpk/ZosBQ=,ZSowwIUlse7EZLNaUYnuDrGotaI=
222,217,59HqJt1oMAFnIWbbAYXpk/ZosBQ=,ZSowwIUlse7EZLNaUYnuDrGotaI=
215,218,59HqJt1oMAFnIWbbAYXpk/ZosBQ=,ZSowwIUlse7EZLNaUYnuDrGotaI=
214,218,59HqJt1oMAFnIWbbAYXpk/ZosBQ=,ZSowwIUlse7EZLNaUYnuDrGotaI=
219,217,59HqJt1oMAFnIWbbAYXpk/ZosBQ=,ZSowwIUlse7EZLNaUYnuDrGotaI=
213,218,59HqJt1oMAFnIWbbAYXpk/ZosBQ=,ZSowwIUlse7EZLNaUYnuDrGotaI=
211,218,59HqJt1oMAFnIWbbAYXpk/ZosBQ=,ZSowwIUlse7EZLNaUYnuDrGotaI=
212,218,59HqJt1oMAFnIWbbAYXpk/ZosBQ=,ZSowwIUlse7EZLNaUYnuDrGotaI=
221,217,59HqJt1oMAFnIWbbAYXpk/ZosBQ=,ZSowwIUlse7EZLNaUYnuDrGotaI=
219,208,59HqJt1oMAFnIWbbAYXpk/ZosBQ=,ZSowwIUlse7EZLNaUYnuDrGotaI=
212,211,59HqJt1oMAFnIWbbAYXpk/ZosBQ=,ZSowwIUlse7EZLNaUYnuDrGotaI=
214,217,59HqJt1oMAFnIWbbAYXpk/ZosBQ=,ZSowwIUlse7EZLNaUYnuDrGotaI=
213,217,59HqJt1oMAFnIWbbAYXpk/ZosBQ=,ZSowwIUlse7EZLNaUYnuDrGotaI=
212,217,59HqJt1oMAFnIWbbAYXpk/ZosBQ=,ZSowwIUlse7EZLNaUYnuDrGotaI=
216,218,59HqJt1oMAFnIWbbAYXpk/ZosBQ=,ZSowwIUlse7EZLNaUYnuDrGotaI=
215,217,59HqJt1oMAFnIWbbAYXpk/ZosBQ=,ZSowwIUlse7EZLNaUYnuDrGotaI=
210,218,59HqJt1oMAFnIWbbAYXpk/ZosBQ=,ZSowwIUlse7EZLNaUYnuDrGotaI=
216,209,59HqJt1oMAFnIWbbAYXpk/ZosBQ=,ZSowwIUlse7EZLNaUYnuDrGotaI=
220,217,59HqJt1oMAFnIWbbAYXpk/ZosBQ=,ZSowwIUlse7EZLNaUYnuDrGotaI=
223,216,59HqJt1oMAFnIWbbAYXpk/ZosBQ=,ZSowwIUlse7EZLNaUYnuDrGotaI=
218,217,59HqJt1oMAFnIWbbAYXpk/ZosBQ=,ZSowwIUlse7EZLNaUYnuDrGotaI=
221,216,59HqJt1oMAFnIWbbAYXpk/ZosBQ=,ZSowwIUlse7EZLNaUYnuDrGotaI=
217,217,59HqJt1oMAFnIWbbAYXpk/ZosBQ=,ZSowwIUlse7EZLNaUYnuDrGotaI=
216,217,59HqJt1oMAFnIWbbAYXpk/ZosBQ=,ZSowwIUlse7EZLNaUYnuDrGotaI=
218,216,59HqJt1oMAFnIWbbAYXpk/ZosBQ=,ZSowwIUlse7EZLNaUYnuDrGotaI=
209,218,59HqJt1oMAFnIWbbAYXpk/ZosBQ=,ZSowwIUlse7EZLNaUYnuDrGotaI=
211,217,59HqJt1oMAFnIWbbAYXpk/ZosBQ=,ZSowwIUlse7EZLNaUYnuDrGotaI=
218,208,59HqJt1oMAFnIWbbAYXpk/ZosBQ=,ZSowwIUlse7EZLNaUYnuDrGotaI=
211,211,59HqJt1oMAFnIWbbAYXpk/ZosBQ=,ZSowwIUlse7EZLNaUYnuDrGotaI=
222,216,59HqJt1oMAFnIWbbAYXpk/ZosBQ=,ZSowwIUlse7EZLNaUYnuDrGotaI=
214,216,59HqJt1oMAFnIWbbAYXpk/ZosBQ=,ZSowwIUlse7EZLNaUYnuDrGotaI=
213,216,59HqJt1oMAFnIWbbAYXpk/ZosBQ=,ZSowwIUlse7EZLNaUYnuDrGotaI=
212,216,59HqJt1oMAFnIWbbAYXpk/ZosBQ=,ZSowwIUlse7EZLNaUYnuDrGotaI=
220,216,59HqJt1oMAFnIWbbAYXpk/ZosBQ=,ZSowwIUlse7EZLNaUYnuDrGotaI=
217,216,59HqJt1oMAFnIWbbAYXpk/ZosBQ=,ZSowwIUlse7EZLNaUYnuDrGotaI=
219,216,59HqJt1oMAFnIWbbAYXpk/ZosBQ=,ZSowwIUlse7EZLNaUYnuDrGotaI=
208,216,59HqJt1oMAFnIWbbAYXpk/ZosBQ=,ZSowwIUlse7EZLNaUYnuDrGotaI=
215,209,59HqJt1oMAFnIWbbAYXpk/ZosBQ=,ZSowwIUlse7EZLNaUYnuDrGotaI=
223,215,59HqJt1oMAFnIWbbAYXpk/ZosBQ=,ZSowwIUlse7EZLNaUYnuDrGotaI=
222,215,59HqJt1oMAFnIWbbAYXpk/ZosBQ=,ZSowwIUlse7EZLNaUYnuDrGotaI=
221,215,59HqJt1oMAFnIWbbAYXpk/ZosBQ=,ZSowwIUlse7EZLNaUYnuDrGotaI=
220,215,59HqJt1oMAFnIWbbAYXpk/ZosBQ=,ZSowwIUlse7EZLNaUYnuDrGotaI=
216,216,59HqJt1oMAFnIWbbAYXpk/ZosBQ=,ZSowwIUlse7EZLNaUYnuDrGotaI=
218,215,59HqJt1oMAFnIWbbAYXpk/ZosBQ=,ZSowwIUlse7EZLNaUYnuDrGotaI=
217,215,59HqJt1oMAFnIWbbAYXpk/ZosBQ=,ZSowwIUlse7EZLNaUYnuDrGotaI=
210,217,59HqJt1oMAFnIWbbAYXpk/ZosBQ=,ZSowwIUlse7EZLNaUYnuDrGotaI=
210,211,59HqJt1oMAFnIWbbAYXpk/ZosBQ=,ZSowwIUlse7EZLNaUYnuDrGotaI=
216,215,59HqJt1oMAFnIWbbAYXpk/ZosBQ=,ZSowwIUlse7EZLNaUYnuDrGotaI=
209,217,59HqJt1oMAFnIWbbAYXpk/ZosBQ=,ZSowwIUlse7EZLNaUYnuDrGotaI=
214,215,59HqJt1oMAFnIWbbAYXpk/ZosBQ=,ZSowwIUlse7EZLNaUYnuDrGotaI=
215,215,59HqJt1oMAFnIWbbAYXpk/ZosBQ=,ZSowwIUlse7EZLNaUYnuDrGotaI=
212,215,59HqJt1oMAFnIWbbAYXpk/ZosBQ=,ZSowwIUlse7EZLNaUYnuDrGotaI=
211,216,59HqJt1oMAFnIWbbAYXpk/ZosBQ=,ZSowwIUlse7EZLNaUYnuDrGotaI=
210,215,59HqJt1oMAFnIWbbAYXpk/ZosBQ=,ZSowwIUlse7EZLNaUYnuDrGotaI=
208,217,59HqJt1oMAFnIWbbAYXpk/ZosBQ=,ZSowwIUlse7EZLNaUYnuDrGotaI=
214,209,59HqJt1oMAFnIWbbAYXpk/ZosBQ=,ZSowwIUlse7EZLNaUYnuDrGotaI=
208,215,59HqJt1oMAFnIWbbAYXpk/ZosBQ=,ZSowwIUlse7EZLNaUYnuDrGotaI=
223,214,59HqJt1oMAFnIWbbAYXpk/ZosBQ=,ZSowwIUlse7EZLNaUYnuDrGotaI=
209,215,59HqJt1oMAFnIWbbAYXpk/ZosBQ=,ZSowwIUlse7EZLNaUYnuDrGotaI=
221,214,59HqJt1oMAFnIWbbAYXpk/ZosBQ=,ZSowwIUlse7EZLNaUYnuDrGotaI=
220,214,59HqJt1oMAFnIWbbAYXpk/ZosBQ=,ZSowwIUlse7EZLNaUYnuDrGotaI=
210,216,59HqJt1oMAFnIWbbAYXpk/ZosBQ=,ZSowwIUlse7EZLNaUYnuDrGotaI=
219,215,59HqJt1oMAFnIWbbAYXpk/ZosBQ=,ZSowwIUlse7EZLNaUYnuDrGotaI=
216,208,59HqJt1oMAFnIWbbAYXpk/ZosBQ=,ZSowwIUlse7EZLNaUYnuDrGotaI=
209,211,59HqJt1oMAFnIWbbAYXpk/ZosBQ=,ZSowwIUlse7EZLNaUYnuDrGotaI=
217,208,59HqJt1oMAFnIWbbAYXpk/ZosBQ=,ZSowwIUlse7EZLNaUYnuDrGotaI=
217,214,59HqJt1oMAFnIWbbAYXpk/ZosBQ=,ZSowwIUlse7EZLNaUYnuDrGotaI=
215,216,59HqJt1oMAFnIWbbAYXpk/ZosBQ=,ZSowwIUlse7EZLNaUYnuDrGotaI=
214,214,59HqJt1oMAFnIWbbAYXpk/ZosBQ=,ZSowwIUlse7EZLNaUYnuDrGotaI=
213,214,59HqJt1oMAFnIWbbAYXpk/ZosBQ=,ZSowwIUlse7EZLNaUYnuDrGotaI=
212,214,59HqJt1oMAFnIWbbAYXpk/ZosBQ=,ZSowwIUlse7EZLNaUYnuDrGotaI=
211,214,59HqJt1oMAFnIWbbAYXpk/ZosBQ=,ZSowwIUlse7EZLNaUYnuDrGotaI=
211,215,59HqJt1oMAFnIWbbAYXpk/ZosBQ=,ZSowwIUlse7EZLNaUYnuDrGotaI=
209,214,59HqJt1oMAFnIWbbAYXpk/ZosBQ=,ZSowwIUlse7EZLNaUYnuDrGotaI=
213,209,59HqJt1oMAFnIWbbAYXpk/ZosBQ=,ZSowwIUlse7EZLNaUYnuDrGotaI=
208,214,59HqJt1oMAFnIWbbAYXpk/ZosBQ=,ZSowwIUlse7EZLNaUYnuDrGotaI=
223,213,59HqJt1oMAFnIWbbAYXpk/ZosBQ=,ZSowwIUlse7EZLNaUYnuDrGotaI=
222,213,59HqJt1oMAFnIWbbAYXpk/ZosBQ=,ZSowwIUlse7EZLNaUYnuDrGotaI=
221,213,59HqJt1oMAFnIWbbAYXpk/ZosBQ=,ZSowwIUlse7EZLNaUYnuDrGotaI=
220,213,59HqJt1oMAFnIWbbAYXpk/ZosBQ=,ZSowwIUlse7EZLNaUYnuDrGotaI=
213,215,59HqJt1oMAFnIWbbAYXpk/ZosBQ=,ZSowwIUlse7EZLNaUYnuDrGotaI=
215,208,59HqJt1oMAFnIWbbAYXpk/ZosBQ=,ZSowwIUlse7EZLNaUYnuDrGotaI=
208,211,59HqJt1oMAFnIWbbAYXpk/ZosBQ=,ZSowwIUlse7EZLNaUYnuDrGotaI=
212,209,59HqJt1oMAFnIWbbAYXpk/ZosBQ=,ZSowwIUlse7EZLNaUYnuDrGotaI=
219,213,59HqJt1oMAFnIWbbAYXpk/ZosBQ=,ZSowwIUlse7EZLNaUYnuDrGotaI=
217,213,59HqJt1oMAFnIWbbAYXpk/ZosBQ=,ZSowwIUlse7EZLNaUYnuDrGotaI=
222,214,59HqJt1oMAFnIWbbAYXpk/ZosBQ=,ZSowwIUlse7EZLNaUYnuDrGotaI=
219,214,59HqJt1oMAFnIWbbAYXpk/ZosBQ=,ZSowwIUlse7EZLNaUYnuDrGotaI=
215,213,59HqJt1oMAFnIWbbAYXpk/ZosBQ=,ZSowwIUlse7EZLNaUYnuDrGotaI=
213,213,59HqJt1oMAFnIWbbAYXpk/ZosBQ=,ZSowwIUlse7EZLNaUYnuDrGotaI=
214,213,59HqJt1oMAFnIWbbAYXpk/ZosBQ=,ZSowwIUlse7EZLNaUYnuDrGotaI=
209,216,59HqJt1oMAFnIWbbAYXpk/ZosBQ=,ZSowwIUlse7EZLNaUYnuDrGotaI=
210,213,59HqJt1oMAFnIWbbAYXpk/ZosBQ=,ZSowwIUlse7EZLNaUYnuDrGotaI=
209,213,59HqJt1oMAFnIWbbAYXpk/ZosBQ=,ZSowwIUlse7EZLNaUYnuDrGotaI=
215,214,59HqJt1oMAFnIWbbAYXpk/ZosBQ=,ZSowwIUlse7EZLNaUYnuDrGotaI=
208,208,59HqJt1oMAFnIWbbAYXpk/ZosBQ=,ZSowwIUlse7EZLNaUYnuDrGotaI=
208,213,59HqJt1oMAFnIWbbAYXpk/ZosBQ=,ZSowwIUlse7EZLNaUYnuDrGotaI=
223,212,59HqJt1oMAFnIWbbAYXpk/ZosBQ=,ZSowwIUlse7EZLNaUYnuDrGotaI=
218,214,59HqJt1oMAFnIWbbAYXpk/ZosBQ=,ZSowwIUlse7EZLNaUYnuDrGotaI=
211,209,59HqJt1oMAFnIWbbAYXpk/ZosBQ=,ZSowwIUlse7EZLNaUYnuDrGotaI=
221,212,59HqJt1oMAFnIWbbAYXpk/ZosBQ=,ZSowwIUlse7EZLNaUYnuDrGotaI=
220,212,59HqJt1oMAFnIWbbAYXpk/ZosBQ=,ZSowwIUlse7EZLNaUYnuDrGotaI=
223,210,59HqJt1oMAFnIWbbAYXpk/ZosBQ=,ZSowwIUlse7EZLNaUYnuDrGotaI=
219,212,59HqJt1oMAFnIWbbAYXpk/ZosBQ=,ZSowwIUlse7EZLNaUYnuDrGotaI=
218,212,59HqJt1oMAFnIWbbAYXpk/ZosBQ=,ZSowwIUlse7EZLNaUYnuDrGotaI=
214,208,59HqJt1oMAFnIWbbAYXpk/ZosBQ=,ZSowwIUlse7EZLNaUYnuDrGotaI=
216,212,59HqJt1oMAFnIWbbAYXpk/ZosBQ=,ZSowwIUlse7EZLNaUYnuDrGotaI=
217,212,59HqJt1oMAFnIWbbAYXpk/ZosBQ=,ZSowwIUlse7EZLNaUYnuDrGotaI=
214,212,59HqJt1oMAFnIWbbAYXpk/ZosBQ=,ZSowwIUlse7EZLNaUYnuDrGotaI=
213,212,59HqJt1oMAFnIWbbAYXpk/ZosBQ=,ZSowwIUlse7EZLNaUYnuDrGotaI=
212,212,59HqJt1oMAFnIWbbAYXpk/ZosBQ=,ZSowwIUlse7EZLNaUYnuDrGotaI=
211,212,59HqJt1oMAFnIWbbAYXpk/ZosBQ=,ZSowwIUlse7EZLNaUYnuDrGotaI=
210,212,59HqJt1oMAFnIWbbAYXpk/ZosBQ=,ZSowwIUlse7EZLNaUYnuDrGotaI=
209,212,59HqJt1oMAFnIWbbAYXpk/ZosBQ=,ZSowwIUlse7EZLNaUYnuDrGotaI=
208,212,59HqJt1oMAFnIWbbAYXpk/ZosBQ=,ZSowwIUlse7EZLNaUYnuDrGotaI=
215,212,59HqJt1oMAFnIWbbAYXpk/ZosBQ=,ZSowwIUlse7EZLNaUYnuDrGotaI=
210,209,59HqJt1oMAFnIWbbAYXpk/ZosBQ=,ZSowwIUlse7EZLNaUYnuDrGotaI=
223,211,59HqJt1oMAFnIWbbAYXpk/ZosBQ=,ZSowwIUlse7EZLNaUYnuDrGotaI=
216,214,59HqJt1oMAFnIWbbAYXpk/ZosBQ=,ZSowwIUlse7EZLNaUYnuDrGotaI=
221,211,59HqJt1oMAFnIWbbAYXpk/ZosBQ=,ZSowwIUlse7EZLNaUYnuDrGotaI=
210,214,59HqJt1oMAFnIWbbAYXpk/ZosBQ=,ZSowwIUlse7EZLNaUYnuDrGotaI=
222,210,59HqJt1oMAFnIWbbAYXpk/ZosBQ=,ZSowwIUlse7EZLNaUYnuDrGotaI=
212,208,59HqJt1oMAFnIWbbAYXpk/ZosBQ=,ZSowwIUlse7EZLNaUYnuDrGotaI=
216,213,59HqJt1oMAFnIWbbAYXpk/ZosBQ=,ZSowwIUlse7EZLNaUYnuDrGotaI=
212,213,59HqJt1oMAFnIWbbAYXpk/ZosBQ=,ZSowwIUlse7EZLNaUYnuDrGotaI=
211,213,59HqJt1oMAFnIWbbAYXpk/ZosBQ=,ZSowwIUlse7EZLNaUYnuDrGotaI=
218,213,59HqJt1oMAFnIWbbAYXpk/ZosBQ=,ZSowwIUlse7EZLNaUYnuDrGotaI=
222,212,59HqJt1oMAFnIWbbAYXpk/ZosBQ=,ZSowwIUlse7EZLNaUYnuDrGotaI=
222,211,59HqJt1oMAFnIWbbAYXpk/ZosBQ=,ZSowwIUlse7EZLNaUYnuDrGotaI=
213,208,59HqJt1oMAFnIWbbAYXpk/ZosBQ=,ZSowwIUlse7EZLNaUYnuDrGotaI=
211,192,dNSgHGf45rzNV9r8/Hk5zufA1jY=,vPbuSELAqKpbJw4HFpxVJhTAJCQ=
220,195,dNSgHGf45rzNV9r8/Hk5zufA1jY=,vPbuSELAqKpbJw4HFpxVJhTAJCQ=
222,194,dNSgHGf45rzNV9r8/Hk5zufA1jY=,vPbuSELAqKpbJw4HFpxVJhTAJCQ=
212,192,dNSgHGf45rzNV9r8/Hk5zufA1jY=,vPbuSELAqKpbJw4HFpxVJhTAJCQ=
223,207,dNSgHGf45rzNV9r8/Hk5zufA1jY=,vPbuSELAqKpbJw4HFpxVJhTAJCQ=
223,193,dNSgHGf45rzNV9r8/Hk5zufA1jY=,vPbuSELAqKpbJw4HFpxVJhTAJCQ=
221,194,dNSgHGf45rzNV9r8/Hk5zufA1jY=,vPbuSELAqKpbJw4HFpxVJhTAJCQ=
220,194,dNSgHGf45rzNV9r8/Hk5zufA1jY=,vPbuSELAqKpbJw4HFpxVJhTAJCQ=
219,194,dNSgHGf45rzNV9r8/Hk5zufA1jY=,vPbuSELAqKpbJw4HFpxVJhTAJCQ=
218,194,dNSgHGf45rzNV9r8/Hk5zufA1jY=,vPbuSELAqKpbJw4HFpxVJhTAJCQ=
217,194,dNSgHGf45rzNV9r8/Hk5zufA1jY=,vPbuSELAqKpbJw4HFpxVJhTAJCQ=
221,195,dNSgHGf45rzNV9r8/Hk5zufA1jY=,vPbuSELAqKpbJw4HFpxVJhTAJCQ=
222,195,dNSgHGf45rzNV9r8/Hk5zufA1jY=,vPbuSELAqKpbJw4HFpxVJhTAJCQ=
223,195,dNSgHGf45rzNV9r8/Hk5zufA1jY=,vPbuSELAqKpbJw4HFpxVJhTAJCQ=
208,196,dNSgHGf45rzNV9r8/Hk5zufA1jY=,vPbuSELAqKpbJw4HFpxVJhTAJCQ=
213,192,dNSgHGf45rzNV9r8/Hk5zufA1jY=,vPbuSELAqKpbJw4HFpxVJhTAJCQ=
210,193,dNSgHGf45rzNV9r8/Hk5zufA1jY=,vPbuSELAqKpbJw4HFpxVJhTAJCQ=
209,196,dNSgHGf45rzNV9r8/Hk5zufA1jY=,vPbuSELAqKpbJw4HFpxVJhTAJCQ=
210,196,dNSgHGf45rzNV9r8/Hk5zufA1jY=,vPbuSELAqKpbJw4HFpxVJhTAJCQ=
211,196,dNSgHGf45rzNV9r8/Hk5zufA1jY=,vPbuSELAqKpbJw4HFpxVJhTAJCQ=
215,194,dNSgHGf45rzNV9r8/Hk5zufA1jY=,vPbuSELAqKpbJw4HFpxVJhTAJCQ=
214,194,dNSgHGf45rzNV9r8/Hk5zufA1jY=,vPbuSELAqKpbJw4HFpxVJhTAJCQ=
213,194,dNSgHGf45rzNV9r8/Hk5zufA1jY=,vPbuSELAqKpbJw4HFpxVJhTAJCQ=
210,194,dNSgHGf45rzNV9r8/Hk5zufA1jY=,vPbuSELAqKpbJw4HFpxVJhTAJCQ=
211,194,dNSgHGf45rzNV9r8/Hk5zufA1jY=,vPbuSELAqKpbJw4HFpxVJhTAJCQ=
209,194,dNSgHGf45rzNV9r8/Hk5zufA1jY=,vPbuSELAqKpbJw4HFpxVJhTAJCQ=
222,207,dNSgHGf45rzNV9r8/Hk5zufA1jY=,vPbuSELAqKpbJw4HFpxVJhTAJCQ=
219,195,dNSgHGf45rzNV9r8/Hk5zufA1jY=,vPbuSELAqKpbJw4HFpxVJhTAJCQ=
208,194,dNSgHGf45rzNV9r8/Hk5zufA1jY=,vPbuSELAqKpbJw4HFpxVJhTAJCQ=
220,207,dNSgHGf45rzNV9r8/Hk5zufA1jY=,vPbuSELAqKpbJw4HFpxVJhTAJCQ=
218,207,dNSgHGf45rzNV9r8/Hk5zufA1jY=,vPbuSELAqKpbJw4HFpxVJhTAJCQ=
217,207,dNSgHGf45rzNV9r8/Hk5zufA1jY=,vPbuSELAqKpbJw4HFpxVJhTAJCQ=
216,207,dNSgHGf45rzNV9r8/Hk5zufA1jY=,vPbuSELAqKpbJw4HFpxVJhTAJCQ=
215,207,dNSgHGf45rzNV9r8/Hk5zufA1jY=,vPbuSELAqKpbJw4HFpxVJhTAJCQ=
213,207,dNSgHGf45rzNV9r8/Hk5zufA1jY=,vPbuSELAqKpbJw4HFpxVJhTAJCQ=
212,207,dNSgHGf45rzNV9r8/Hk5zufA1jY=,vPbuSELAqKpbJw4HFpxVJhTAJCQ=
216,194,dNSgHGf45rzNV9r8/Hk5zufA1jY=,vPbuSELAqKpbJw4HFpxVJhTAJCQ=
212,196,dNSgHGf45rzNV9r8/Hk5zufA1jY=,vPbuSELAqKpbJw4HFpxVJhTAJCQ=
213,196,dNSgHGf45rzNV9r8/Hk5zufA1jY=,vPbuSELAqKpbJw4HFpxVJhTAJCQ=
214,196,dNSgHGf45rzNV9r8/Hk5zufA1jY=,vPbuSELAqKpbJw4HFpxVJhTAJCQ=
215,196,dNSgHGf45rzNV9r8/Hk5zufA1jY=,vPbuSELAqKpbJw4HFpxVJhTAJCQ=
212,194,dNSgHGf45rzNV9r8/Hk5zufA1jY=,vPbuSELAqKpbJw4HFpxVJhTAJCQ=
218,195,dNSgHGf45rzNV9r8/Hk5zufA1jY=,vPbuSELAqKpbJw4HFpxVJhTAJCQ=
208,207,dNSgHGf45rzNV9r8/Hk5zufA1jY=,vPbuSELAqKpbJw4HFpxVJhTAJCQ=
222,193,dNSgHGf45rzNV9r8/Hk5zufA1jY=,vPbuSELAqKpbJw4HFpxVJhTAJCQ=
223,206,dNSgHGf45rzNV9r8/Hk5zufA1jY=,vPbuSELAqKpbJw4HFpxVJhTAJCQ=
222,206,dNSgHGf45rzNV9r8/Hk5zufA1jY=,vPbuSELAqKpbJw4HFpxVJhTAJCQ=
219,207,dNSgHGf45rzNV9r8/Hk5zufA1jY=,vPbuSELAqKpbJw4HFpxVJhTAJCQ=
221,207,dNSgHGf45rzNV9r8/Hk5zufA1jY=,vPbuSELAqKpbJw4HFpxVJhTAJCQ=
220,206,dNSgHGf45rzNV9r8/Hk5zufA1jY=,vPbuSELAqKpbJw4HFpxVJhTAJCQ=
218,206,dNSgHGf45rzNV9r8/Hk5zufA1jY=,vPbuSELAqKpbJw4HFpxVJhTAJCQ=
219,206,dNSgHGf45rzNV9r8/Hk5zufA1jY=,vPbuSELAqKpbJw4HFpxVJhTAJCQ=
217,206,dNSgHGf45rzNV9r8/Hk5zufA1jY=,vPbuSELAqKpbJw4HFpxVJhTAJCQ=
214,207,dNSgHGf45rzNV9r8/Hk5zufA1jY=,vPbuSELAqKpbJw4HFpxVJhTAJCQ=
214,206,dNSgHGf45rzNV9r8/Hk5zufA1jY=,vPbuSELAqKpbJw4HFpxVJhTAJCQ=
210,192,dNSgHGf45rzNV9r8/Hk5zufA1jY=,vPbuSELAqKpbJw4HFpxVJhTAJCQ=
211,207,dNSgHGf45rzNV9r8/Hk5zufA1jY=,vPbuSELAqKpbJw4HFpxVJhTAJCQ=
210,207,dNSgHGf45rzNV9r8/Hk5zufA1jY=,vPbuSELAqKpbJw4HFpxVJhTAJCQ=
209,207,dNSgHGf45rzNV9r8/Hk5zufA1jY=,vPbuSELAqKpbJw4HFpxVJhTAJCQ=
209,193,dNSgHGf45rzNV9r8/Hk5zufA1jY=,vPbuSELAqKpbJw4HFpxVJhTAJCQ=
217,195,dNSgHGf45rzNV9r8/Hk5zufA1jY=,vPbuSELAqKpbJw4HFpxVJhTAJCQ=
209,206,dNSgHGf45rzNV9r8/Hk5zufA1jY=,vPbuSELAqKpbJw4HFpxVJhTAJCQ=
216,196,dNSgHGf45rzNV9r8/Hk5zufA1jY=,vPbuSELAqKpbJw4HFpxVJhTAJCQ=
217,196,dNSgHGf45rzNV9r8/Hk5zufA1jY=,vPbuSELAqKpbJw4HFpxVJhTAJCQ=
215,206,dNSgHGf45rzNV9r8/Hk5zufA1jY=,vPbuSELAqKpbJw4HFpxVJhTAJCQ=
208,206,dNSgHGf45rzNV9r8/Hk5zufA1jY=,vPbuSELAqKpbJw4HFpxVJhTAJCQ=
216,206,dNSgHGf45rzNV9r8/Hk5zufA1jY=,vPbuSELAqKpbJw4HFpxVJhTAJCQ=
223,205,dNSgHGf45rzNV9r8/Hk5zufA1jY=,vPbuSELAqKpbJw4HFpxVJhTAJCQ=
208,193,dNSgHGf45rzNV9r8/Hk5zufA1jY=,vPbuSELAqKpbJw4HFpxVJhTAJCQ=
209,192,dNSgHGf45rzNV9r8/Hk5zufA1jY=,vPbuSELAqKpbJw4HFpxVJhTAJCQ=
221,206,dNSgHGf45rzNV9r8/Hk5zufA1jY=,vPbuSELAqKpbJw4HFpxVJhTAJCQ=
222,205,dNSgHGf45rzNV9r8/Hk5zufA1jY=,vPbuSELAqKpbJw4HFpxVJhTAJCQ=
213,206,dNSgHGf45rzNV9r8/Hk5zufA1jY=,vPbuSELAqKpbJw4HFpxVJhTAJCQ=
212,206,dNSgHGf45rzNV9r8/Hk5zufA1jY=,vPbuSELAqKpbJw4HFpxVJhTAJCQ=
219,205,dNSgHGf45rzNV9r8/Hk5zufA1jY=,vPbuSELAqKpbJw4HFpxVJhTAJCQ=
220,205,dNSgHGf45rzNV9r8/Hk5zufA1jY=,vPbuSELAqKpbJw4HFpxVJhTAJCQ=
211,206,dNSgHGf45rzNV9r8/Hk5zufA1jY=,vPbuSELAqKpbJw4HFpxVJhTAJCQ=
216,205,dNSgHGf45rzNV9r8/Hk5zufA1jY=,vPbuSELAqKpbJw4HFpxVJhTAJCQ=
210,206,dNSgHGf45rzNV9r8/Hk5zufA1jY=,vPbuSELAqKpbJw4HFpxVJhTAJCQ=
215,205,dNSgHGf45rzNV9r8/Hk5zufA1jY=,vPbuSELAqKpbJw4HFpxVJhTAJCQ=
211,205,dNSgHGf45rzNV9r8/Hk5zufA1jY=,vPbuSELAqKpbJw4HFpxVJhTAJCQ=
223,192,dNSgHGf45rzNV9r8/Hk5zufA1jY=,vPbuSELAqKpbJw4HFpxVJhTAJCQ=
221,193,dNSgHGf45rzNV9r8/Hk5zufA1jY=,vPbuSELAqKpbJw4HFpxVJhTAJCQ=
216,195,dNSgHGf45rzNV9r8/Hk5zufA1jY=,vPbuSELAqKpbJw4HFpxVJhTAJCQ=
218,205,dNSgHGf45rzNV9r8/Hk5zufA1jY=,vPbuSELAqKpbJw4HFpxVJhTAJCQ=
209,205,dNSgHGf45rzNV9r8/Hk5zufA1jY=,vPbuSELAqKpbJw4HFpxVJhTAJCQ=
220,193,dNSgHGf45rzNV9r8/Hk5zufA1jY=,vPbuSELAqKpbJw4HFpxVJhTAJCQ=
214,205,dNSgHGf45rzNV9r8/Hk5zufA1jY=,vPbuSELAqKpbJw4HFpxVJhTAJCQ=
222,204,dNSgHGf45rzNV9r8/Hk5zufA1jY=,vPbuSELAqKpbJw4HFpxVJhTAJCQ=
221,204,dNSgHGf45rzNV9r8/Hk5zufA1jY=,vPbuSELAqKpbJw4HFpxVJhTAJCQ=
220,204,dNSgHGf45rzNV9r8/Hk5zufA1jY=,vPbuSELAqKpbJw4HFpxVJhTAJCQ=
219,204,dNSgHGf45rzNV9r8/Hk5zufA1jY=,vPbuSELAqKpbJw4HFpxVJhTAJCQ=
218,204,dNSgHGf45rzNV9r8/Hk5zufA1jY=,vPbuSELAqKpbJw4HFpxVJhTAJCQ=
212,205,dNSgHGf45rzNV9r8/Hk5zufA1jY=,vPbuSELAqKpbJw4HFpxVJhTAJCQ=
223,204,dNSgHGf45rzNV9r8/Hk5zufA1jY=,vPbuSELAqKpbJw4HFpxVJhTAJCQ=
210,205,dNSgHGf45rzNV9r8/Hk5zufA1jY=,vPbuSELAqKpbJw4HFpxVJhTAJCQ=
215,204,dNSgHGf45rzNV9r8/Hk5zufA1jY=,vPbuSELAqKpbJw4HFpxVJhTAJCQ=
213,204,dNSgHGf45rzNV9r8/Hk5zufA1jY=,vPbuSELAqKpbJw4HFpxVJhTAJCQ=
212,204,dNSgHGf45rzNV9r8/Hk5zufA1jY=,vPbuSELAqKpbJw4HFpxVJhTAJCQ=
214,204,dNSgHGf45rzNV9r8/Hk5zufA1jY=,vPbuSELAqKpbJw4HFpxVJhTAJCQ=
215,195,dNSgHGf45rzNV9r8/Hk5zufA1jY=,vPbuSELAqKpbJw4HFpxVJhTAJCQ=
217,204,dNSgHGf45rzNV9r8/Hk5zufA1jY=,vPbuSELAqKpbJw4HFpxVJhTAJCQ=
211,204,dNSgHGf45rzNV9r8/Hk5zufA1jY=,vPbuSELAqKpbJw4HFpxVJhTAJCQ=
209,204,dNSgHGf45rzNV9r8/Hk5zufA1jY=,vPbuSELAqKpbJw4HFpxVJhTAJCQ=
219,193,dNSgHGf45rzNV9r8/Hk5zufA1jY=,vPbuSELAqKpbJw4HFpxVJhTAJCQ=
210,204,dNSgHGf45rzNV9r8/Hk5zufA1jY=,vPbuSELAqKpbJw4HFpxVJhTAJCQ=
218,196,dNSgHGf45rzNV9r8/Hk5zufA1jY=,vPbuSELAqKpbJw4HFpxVJhTAJCQ=
223,194,dNSgHGf45rzNV9r8/Hk5zufA1jY=,vPbuSELAqKpbJw4HFpxVJhTAJCQ=
219,196,dNSgHGf45rzNV9r8/Hk5zufA1jY=,vPbuSELAqKpbJw4HFpxVJhTAJCQ=
214,192,dNSgHGf45rzNV9r8/Hk5zufA1jY=,vPbuSELAqKpbJw4HFpxVJhTAJCQ=
220,196,dNSgHGf45rzNV9r8/Hk5zufA1jY=,vPbuSELAqKpbJw4HFpxVJhTAJCQ=
217,205,dNSgHGf45rzNV9r8/Hk5zufA1jY=,vPbuSELAqKpbJw4HFpxVJhTAJCQ=
213,205,dNSgHGf45rzNV9r8/Hk5zufA1jY=,vPbuSELAqKpbJw4HFpxVJhTAJCQ=
221,203,dNSgHGf45rzNV9r8/Hk5zufA1jY=,vPbuSELAqKpbJw4HFpxVJhTAJCQ=
220,203,dNSgHGf45rzNV9r8/Hk5zufA1jY=,vPbuSELAqKpbJw4HFpxVJhTAJCQ=
219,203,dNSgHGf45rzNV9r8/Hk5zufA1jY=,vPbuSELAqKpbJw4HFpxVJhTAJCQ=
208,205,dNSgHGf45rzNV9r8/Hk5zufA1jY=,vPbuSELAqKpbJw4HFpxVJhTAJCQ=
217,203,dNSgHGf45rzNV9r8/Hk5zufA1jY=,vPbuSELAqKpbJw4HFpxVJhTAJCQ=
216,203,dNSgHGf45rzNV9r8/Hk5zufA1jY=,vPbuSELAqKpbJw4HFpxVJhTAJCQ=
215,203,dNSgHGf45rzNV9r8/Hk5zufA1jY=,vPbuSELAqKpbJw4HFpxVJhTAJCQ=
216,204,dNSgHGf45rzNV9r8/Hk5zufA1jY=,vPbuSELAqKpbJw4HFpxVJhTAJCQ=
213,203,dNSgHGf45rzNV9r8/Hk5zufA1jY=,vPbuSELAqKpbJw4HFpxVJhTAJCQ=
222,192,dNSgHGf45rzNV9r8/Hk5zufA1jY=,vPbuSELAqKpbJw4HFpxVJhTAJCQ=
214,195,dNSgHGf45rzNV9r8/Hk5zufA1jY=,vPbuSELAqKpbJw4HFpxVJhTAJCQ=
212,203,dNSgHGf45rzNV9r8/Hk5zufA1jY=,vPbuSELAqKpbJw4HFpxVJhTAJCQ=
211,203,dNSgHGf45rzNV9r8/Hk5zufA1jY=,vPbuSELAqKpbJw4HFpxVJhTAJCQ=
208,204,dNSgHGf45rzNV9r8/Hk5zufA1jY=,vPbuSELAqKpbJw4HFpxVJhTAJCQ=
223,203,dNSgHGf45rzNV9r8/Hk5zufA1jY=,vPbuSELAqKpbJw4HFpxVJhTAJCQ=
221,196,dNSgHGf45rzNV9r8/Hk5zufA1jY=,vPbuSELAqKpbJw4HFpxVJhTAJCQ=
221,205,dNSgHGf45rzNV9r8/Hk5zufA1jY=,vPbuSELAqKpbJw4HFpxVJhTAJCQ=
208,203,dNSgHGf45rzNV9r8/Hk5zufA1jY=,vPbuSELAqKpbJw4HFpxVJhTAJCQ=
223,202,dNSgHGf45rzNV9r8/Hk5zufA1jY=,vPbuSELAqKpbJw4HFpxVJhTAJCQ=
222,202,dNSgHGf45rzNV9r8/Hk5zufA1jY=,vPbuSELAqKpbJw4HFpxVJhTAJCQ=
221,202,dNSgHGf45rzNV9r8/Hk5zufA1jY=,vPbuSELAqKpbJw4HFpxVJhTAJCQ=
218,203,dNSgHGf45rzNV9r8/Hk5zufA1jY=,vPbuSELAqKpbJw4HFpxVJhTAJCQ=
219,202,dNSgHGf45rzNV9r8/Hk5zufA1jY=,vPbuSELAqKpbJw4HFpxVJhTAJCQ=
218,202,dNSgHGf45rzNV9r8/Hk5zufA1jY=,vPbuSELAqKpbJw4HFpxVJhTAJCQ=
222,203,dNSgHGf45rzNV9r8/Hk5zufA1jY=,vPbuSELAqKpbJw4HFpxVJhTAJCQ=
216,202,dNSgHGf45rzNV9r8/Hk5zufA1jY=,vPbuSELAqKpbJw4HFpxVJhTAJCQ=
215,202,dNSgHGf45rzNV9r8/Hk5zufA1jY=,vPbuSELAqKpbJw4HFpxVJhTAJCQ=
214,202,dNSgHGf45rzNV9r8/Hk5zufA1jY=,vPbuSELAqKpbJw4HFpxVJhTAJCQ=
217,202,dNSgHGf45rzNV9r8/Hk5zufA1jY=,vPbuSELAqKpbJw4HFpxVJhTAJCQ=
213,195,dNSgHGf45rzNV9r8/Hk5zufA1jY=,vPbuSELAqKpbJw4HFpxVJhTAJCQ=
213,202,dNSgHGf45rzNV9r8/Hk5zufA1jY=,vPbuSELAqKpbJw4HFpxVJhTAJCQ=
212,202,dNSgHGf45rzNV9r8/Hk5zufA1jY=,vPbuSELAqKpbJw4HFpxVJhTAJCQ=
211,202,dNSgHGf45rzNV9r8/Hk5zufA1jY=,vPbuSELAqKpbJw4HFpxVJhTAJCQ=
210,202,dNSgHGf45rzNV9r8/Hk5zufA1jY=,vPbuSELAqKpbJw4HFpxVJhTAJCQ=
214,203,dNSgHGf45rzNV9r8/Hk5zufA1jY=,vPbuSELAqKpbJw4HFpxVJhTAJCQ=
220,192,dNSgHGf45rzNV9r8/Hk5zufA1jY=,vPbuSELAqKpbJw4HFpxVJhTAJCQ=
222,196,dNSgHGf45rzNV9r8/Hk5zufA1jY=,vPbuSELAqKpbJw4HFpxVJhTAJCQ=
221,192,dNSgHGf45rzNV9r8/Hk5zufA1jY=,vPbuSELAqKpbJw4HFpxVJhTAJCQ=
223,196,dNSgHGf45rzNV9r8/Hk5zufA1jY=,vPbuSELAqKpbJw4HFpxVJhTAJCQ=
208,197,dNSgHGf45rzNV9r8/Hk5zufA1jY=,vPbuSELAqKpbJw4HFpxVJhTAJCQ=
208,202,dNSgHGf45rzNV9r8/Hk5zufA1jY=,vPbuSELAqKpbJw4HFpxVJhTAJCQ=
217,193,dNSgHGf45rzNV9r8/Hk5zufA1jY=,vPbuSELAqKpbJw4HFpxVJhTAJCQ=
223,201,dNSgHGf45rzNV9r8/Hk5zufA1jY=,vPbuSELAqKpbJw4HFpxVJhTAJCQ=
209,203,dNSgHGf45rzNV9r8/Hk5zufA1jY=,vPbuSELAqKpbJw4HFpxVJhTAJCQ=
220,201,dNSgHGf45rzNV9r8/Hk5zufA1jY=,vPbuSELAqKpbJw4HFpxVJhTAJCQ=
218,193,dNSgHGf45rzNV9r8/Hk5zufA1jY=,vPbuSELAqKpbJw4HFpxVJhTAJCQ=
218,201,dNSgHGf45rzNV9r8/Hk5zufA1jY=,vPbuSELAqKpbJw4HFpxVJhTAJCQ=
217,201,dNSgHGf45rzNV9r8/Hk5zufA1jY=,vPbuSELAqKpbJw4HFpxVJhTAJCQ=
216,201,dNSgHGf45rzNV9r8/Hk5zufA1jY=,vPbuSELAqKpbJw4HFpxVJhTAJCQ=
220,202,dNSgHGf45rzNV9r8/Hk5zufA1jY=,vPbuSELAqKpbJw4HFpxVJhTAJCQ=
219,192,dNSgHGf45rzNV9r8/Hk5zufA1jY=,vPbuSELAqKpbJw4HFpxVJhTAJCQ=
212,195,dNSgHGf45rzNV9r8/Hk5zufA1jY=,vPbuSELAqKpbJw4HFpxVJhTAJCQ=
214,201,dNSgHGf45rzNV9r8/Hk5zufA1jY=,vPbuSELAqKpbJw4HFpxVJhTAJCQ=
213,201,dNSgHGf45rzNV9r8/Hk5zufA1jY=,vPbuSELAqKpbJw4HFpxVJhTAJCQ=
212,201,dNSgHGf45rzNV9r8/Hk5zufA1jY=,vPbuSELAqKpbJw4HFpxVJhTAJCQ=
211,201,dNSgHGf45rzNV9r8/Hk5zufA1jY=,vPbuSELAqKpbJw4HFpxVJhTAJCQ=
210,201,dNSgHGf45rzNV9r8/Hk5zufA1jY=,vPbuSELAqKpbJw4HFpxVJhTAJCQ=
209,201,dNSgHGf45rzNV9r8/Hk5zufA1jY=,vPbuSELAqKpbJw4HFpxVJhTAJCQ=
208,201,dNSgHGf45rzNV9r8/Hk5zufA1jY=,vPbuSELAqKpbJw4HFpxVJhTAJCQ=
216,193,dNSgHGf45rzNV9r8/Hk5zufA1jY=,vPbuSELAqKpbJw4HFpxVJhTAJCQ=
209,202,dNSgHGf45rzNV9r8/Hk5zufA1jY=,vPbuSELAqKpbJw4HFpxVJhTAJCQ=
222,200,dNSgHGf45rzNV9r8/Hk5zufA1jY=,vPbuSELAqKpbJw4HFpxVJhTAJCQ=
208,192,dNSgHGf45rzNV9r8/Hk5zufA1jY=,vPbuSELAqKpbJw4HFpxVJhTAJCQ=
211,193,dNSgHGf45rzNV9r8/Hk5zufA1jY=,vPbuSELAqKpbJw4HFpxVJhTAJCQ=
209,197,dNSgHGf45rzNV9r8/Hk5zufA1jY=,vPbuSELAqKpbJw4HFpxVJhTAJCQ=
210,197,dNSgHGf45rzNV9r8/Hk5zufA1jY=,vPbuSELAqKpbJw4HFpxVJhTAJCQ=
221,201,dNSgHGf45rzNV9r8/Hk5zufA1jY=,vPbuSELAqKpbJw4HFpxVJhTAJCQ=
219,200,dNSgHGf45rzNV9r8/Hk5zufA1jY=,vPbuSELAqKpbJw4HFpxVJhTAJCQ=
219,201,dNSgHGf45rzNV9r8/Hk5zufA1jY=,vPbuSELAqKpbJw4HFpxVJhTAJCQ=
217,200,dNSgHGf45rzNV9r8/Hk5zufA1jY=,vPbuSELAqKpbJw4HFpxVJhTAJCQ=
216,200,dNSgHGf45rzNV9r8/Hk5zufA1jY=,vPbuSELAqKpbJw4HFpxVJhTAJCQ=
218,192,dNSgHGf45rzNV9r8/Hk5zufA1jY=,vPbuSELAqKpbJw4HFpxVJhTAJCQ=
211,195,dNSgHGf45rzNV9r8/Hk5zufA1jY=,vPbuSELAqKpbJw4HFpxVJhTAJCQ=
215,200,dNSgHGf45rzNV9r8/Hk5zufA1jY=,vPbuSELAqKpbJw4HFpxVJhTAJCQ=
214,200,dNSgHGf45rzNV9r8/Hk5zufA1jY=,vPbuSELAqKpbJw4HFpxVJhTAJCQ=
213,200,dNSgHGf45rzNV9r8/Hk5zufA1jY=,vPbuSELAqKpbJw4HFpxVJhTAJCQ=
212,200,dNSgHGf45rzNV9r8/Hk5zufA1jY=,vPbuSELAqKpbJw4HFpxVJhTAJCQ=
211,200,dNSgHGf45rzNV9r8/Hk5zufA1jY=,vPbuSELAqKpbJw4HFpxVJhTAJCQ=
210,200,dNSgHGf45rzNV9r8/Hk5zufA1jY=,vPbuSELAqKpbJw4HFpxVJhTAJCQ=
209,200,dNSgHGf45rzNV9r8/Hk5zufA1jY=,vPbuSELAqKpbJw4HFpxVJhTAJCQ=
215,193,dNSgHGf45rzNV9r8/Hk5zufA1jY=,vPbuSELAqKpbJw4HFpxVJhTAJCQ=
208,200,dNSgHGf45rzNV9r8/Hk5zufA1jY=,vPbuSELAqKpbJw4HFpxVJhTAJCQ=
223,199,dNSgHGf45rzNV9r8/Hk5zufA1jY=,vPbuSELAqKpbJw4HFpxVJhTAJCQ=
222,199,dNSgHGf45rzNV9r8/Hk5zufA1jY=,vPbuSELAqKpbJw4HFpxVJhTAJCQ=
221,199,dNSgHGf45rzNV9r8/Hk5zufA1jY=,vPbuSELAqKpbJw4HFpxVJhTAJCQ=
215,201,dNSgHGf45rzNV9r8/Hk5zufA1jY=,vPbuSELAqKpbJw4HFpxVJhTAJCQ=
219,199,dNSgHGf45rzNV9r8/Hk5zufA1jY=,vPbuSELAqKpbJw4HFpxVJhTAJCQ=
218,199,dNSgHGf45rzNV9r8/Hk5zufA1jY=,vPbuSELAqKpbJw4HFpxVJhTAJCQ=
217,199,dNSgHGf45rzNV9r8/Hk5zufA1jY=,vPbuSELAqKpbJw4HFpxVJhTAJCQ=
223,200,dNSgHGf45rzNV9r8/Hk5zufA1jY=,vPbuSELAqKpbJw4HFpxVJhTAJCQ=
221,200,dNSgHGf45rzNV9r8/Hk5zufA1jY=,vPbuSELAqKpbJw4HFpxVJhTAJCQ=
216,199,dNSgHGf45rzNV9r8/Hk5zufA1jY=,vPbuSELAqKpbJw4HFpxVJhTAJCQ=
215,199,dNSgHGf45rzNV9r8/Hk5zufA1jY=,vPbuSELAqKpbJw4HFpxVJhTAJCQ=
214,199,dNSgHGf45rzNV9r8/Hk5zufA1jY=,vPbuSELAqKpbJw4HFpxVJhTAJCQ=
213,199,dNSgHGf45rzNV9r8/Hk5zufA1jY=,vPbuSELAqKpbJw4HFpxVJhTAJCQ=
212,199,dNSgHGf45rzNV9r8/Hk5zufA1jY=,vPbuSELAqKpbJw4HFpxVJhTAJCQ=
211,199,dNSgHGf45rzNV9r8/Hk5zufA1jY=,vPbuSELAqKpbJw4HFpxVJhTAJCQ=
210,199,dNSgHGf45rzNV9r8/Hk5zufA1jY=,vPbuSELAqKpbJw4HFpxVJhTAJCQ=
209,199,dNSgHGf45rzNV9r8/Hk5zufA1jY=,vPbuSELAqKpbJw4HFpxVJhTAJCQ=
208,199,dNSgHGf45rzNV9r8/Hk5zufA1jY=,vPbuSELAqKpbJw4HFpxVJhTAJCQ=
214,193,dNSgHGf45rzNV9r8/Hk5zufA1jY=,vPbuSELAqKpbJw4HFpxVJhTAJCQ=
223,198,dNSgHGf45rzNV9r8/Hk5zufA1jY=,vPbuSELAqKpbJw4HFpxVJhTAJCQ=
222,198,dNSgHGf45rzNV9r8/Hk5zufA1jY=,vPbuSELAqKpbJw4HFpxVJhTAJCQ=
221,198,dNSgHGf45rzNV9r8/Hk5zufA1jY=,vPbuSELAqKpbJw4HFpxVJhTAJCQ=
211,197,dNSgHGf45rzNV9r8/Hk5zufA1jY=,vPbuSELAqKpbJw4HFpxVJhTAJCQ=
220,200,dNSgHGf45rzNV9r8/Hk5zufA1jY=,vPbuSELAqKpbJw4HFpxVJhTAJCQ=
212,197,dNSgHGf45rzNV9r8/Hk5zufA1jY=,vPbuSELAqKpbJw4HFpxVJhTAJCQ=
217,192,dNSgHGf45rzNV9r8/Hk5zufA1jY=,vPbuSELAqKpbJw4HFpxVJhTAJCQ=
218,198,dNSgHGf45rzNV9r8/Hk5zufA1jY=,vPbuSELAqKpbJw4HFpxVJhTAJCQ=
222,201,dNSgHGf45rzNV9r8/Hk5zufA1jY=,vPbuSELAqKpbJw4HFpxVJhTAJCQ=
210,195,dNSgHGf45rzNV9r8/Hk5zufA1jY=,vPbuSELAqKpbJw4HFpxVJhTAJCQ=
216,192,dNSgHGf45rzNV9r8/Hk5zufA1jY=,vPbuSELAqKpbJw4HFpxVJhTAJCQ=
217,198,dNSgHGf45rzNV9r8/Hk5zufA1jY=,vPbuSELAqKpbJw4HFpxVJhTAJCQ=
215,198,dNSgHGf45rzNV9r8/Hk5zufA1jY=,vPbuSELAqKpbJw4HFpxVJhTAJCQ=
214,198,dNSgHGf45rzNV9r8/Hk5zufA1jY=,vPbuSELAqKpbJw4HFpxVJhTAJCQ=
213,198,dNSgHGf45rzNV9r8/Hk5zufA1jY=,vPbuSELAqKpbJw4HFpxVJhTAJCQ=
212,198,dNSgHGf45rzNV9r8/Hk5zufA1jY=,vPbuSELAqKpbJw4HFpxVJhTAJCQ=
211,198,dNSgHGf45rzNV9r8/Hk5zufA1jY=,vPbuSELAqKpbJw4HFpxVJhTAJCQ=
216,198,dNSgHGf45rzNV9r8/Hk5zufA1jY=,vPbuSELAqKpbJw4HFpxVJhTAJCQ=
209,198,dNSgHGf45rzNV9r8/Hk5zufA1jY=,vPbuSELAqKpbJw4HFpxVJhTAJCQ=
210,198,dNSgHGf45rzNV9r8/Hk5zufA1jY=,vPbuSELAqKpbJw4HFpxVJhTAJCQ=
213,193,dNSgHGf45rzNV9r8/Hk5zufA1jY=,vPbuSELAqKpbJw4HFpxVJhTAJCQ=
208,198,dNSgHGf45rzNV9r8/Hk5zufA1jY=,vPbuSELAqKpbJw4HFpxVJhTAJCQ=
223,197,dNSgHGf45rzNV9r8/Hk5zufA1jY=,vPbuSELAqKpbJw4HFpxVJhTAJCQ=
221,197,dNSgHGf45rzNV9r8/Hk5zufA1jY=,vPbuSELAqKpbJw4HFpxVJhTAJCQ=
209,195,dNSgHGf45rzNV9r8/Hk5zufA1jY=,vPbuSELAqKpbJw4HFpxVJhTAJCQ=
219,197,dNSgHGf45rzNV9r8/Hk5zufA1jY=,vPbuSELAqKpbJw4HFpxVJhTAJCQ=
215,192,dNSgHGf45rzNV9r8/Hk5zufA1jY=,vPbuSELAqKpbJw4HFpxVJhTAJCQ=
212,193,dNSgHGf45rzNV9r8/Hk5zufA1jY=,vPbuSELAqKpbJw4HFpxVJhTAJCQ=
208,195,dNSgHGf45rzNV9r8/Hk5zufA1jY=,vPbuSELAqKpbJw4HFpxVJhTAJCQ=
220,199,dNSgHGf45rzNV9r8/Hk5zufA1jY=,vPbuSELAqKpbJw4HFpxVJhTAJCQ=
217,197,dNSgHGf45rzNV9r8/Hk5zufA1jY=,vPbuSELAqKpbJw4HFpxVJhTAJCQ=
218,200,dNSgHGf45rzNV9r8/Hk5zufA1jY=,vPbuSELAqKpbJw4HFpxVJhTAJCQ=
216,197,dNSgHGf45rzNV9r8/Hk5zufA1jY=,vPbuSELAqKpbJw4HFpxVJhTAJCQ=
215,197,dNSgHGf45rzNV9r8/Hk5zufA1jY=,vPbuSELAqKpbJw4HFpxVJhTAJCQ=
210,203,dNSgHGf45rzNV9r8/Hk5zufA1jY=,vPbuSELAqKpbJw4HFpxVJhTAJCQ=
219,198,dNSgHGf45rzNV9r8/Hk5zufA1jY=,vPbuSELAqKpbJw4HFpxVJhTAJCQ=
222,197,dNSgHGf45rzNV9r8/Hk5zufA1jY=,vPbuSELAqKpbJw4HFpxVJhTAJCQ=
220,197,dNSgHGf45rzNV9r8/Hk5zufA1jY=,vPbuSELAqKpbJw4HFpxVJhTAJCQ=
213,197,dNSgHGf45rzNV9r8/Hk5zufA1jY=,vPbuSELAqKpbJw4HFpxVJhTAJCQ=
220,198,dNSgHGf45rzNV9r8/Hk5zufA1jY=,vPbuSELAqKpbJw4HFpxVJhTAJCQ=
218,197,dNSgHGf45rzNV9r8/Hk5zufA1jY=,vPbuSELAqKpbJw4HFpxVJhTAJCQ=
214,197,dNSgHGf45rzNV9r8/Hk5zufA1jY=,vPbuSELAqKpbJw4HFpxVJhTAJCQ=
